"Chrom","Position","RSID","Reference","Alternate","Data","Consequence","Protein Consequence","Transcript Consequence","Annotation","Flags","Allele Count","Allele Number","Number of Homozygotes","Allele Frequency","Allele Count African","Allele Number African","Homozygote Count African","Allele Count Ashkenazi Jewish","Allele Number Ashkenazi Jewish","Homozygote Count Ashkenazi Jewish","Allele Count East Asian","Allele Number East Asian","Homozygote Count East Asian","Allele Count European (Finnish)","Allele Number European (Finnish)","Homozygote Count European (Finnish)","Allele Count European (Non-Finnish)","Allele Number European (Non-Finnish)","Homozygote Count European (Non-Finnish)","Allele Count Latino","Allele Number Latino","Homozygote Count Latino","Allele Count Other","Allele Number Other","Homozygote Count Other","Allele Count South Asian","Allele Number South Asian","Homozygote Count South Asian"
"10","88516390",".","G","T","G","","","","upstream gene","","3","29196","0","1.03e-4","0","8338","0","0","278","0","0","1596","0","0","3178","0","3","14128","0","0","698","0","0","980","0","0","0","0"
"10","88516391","rs553117771","T","C","G","","","","upstream gene","","28","28978","0","9.66e-4","25","8308","0","0","278","0","0","1590","0","2","3130","0","1","14004","0","0","692","0","0","976","0","0","0","0"
"10","88516395",".","G","T","G","","","","upstream gene","","1","29184","0","3.43e-5","1","8328","0","0","278","0","0","1592","0","0","3180","0","0","14150","0","0","682","0","0","974","0","0","0","0"
"10","88516419",".","C","T","G","","","c.-525C>T","5' UTR","","3","29620","0","1.01e-4","3","8378","0","0","286","0","0","1594","0","0","3274","0","0","14384","0","0","706","0","0","998","0","0","0","0"
"10","88516420",".","C","T","G","","","c.-524C>T","5' UTR","","2","29594","0","6.76e-5","0","8372","0","0","286","0","0","1594","0","0","3268","0","2","14374","0","0","704","0","0","996","0","0","0","0"
"10","88516601",".","C","T","G","","","c.-343C>T","5' UTR","","3","29494","0","1.02e-4","3","8410","0","0","286","0","0","1594","0","0","3162","0","0","14358","0","0","694","0","0","990","0","0","0","0"
"10","88516654",".","A","G","G","","","c.-290A>G","5' UTR","","1","29756","0","3.36e-5","1","8424","0","0","288","0","0","1590","0","0","3304","0","0","14442","0","0","714","0","0","994","0","0","0","0"
"10","88598601",".","GT","G","G","","","c.-267-19delT","intron","","1","30136","0","3.32e-5","0","8508","0","0","292","0","0","1596","0","0","3456","0","1","14522","0","0","754","0","0","1008","0","0","0","0"
"10","88598650",".","C","T","G","","","c.-239C>T","5' UTR","","3","30202","0","9.93e-5","3","8506","0","0","292","0","0","1594","0","0","3500","0","0","14538","0","0","760","0","0","1012","0","0","0","0"
"10","88598683",".","C","T","G","","","c.-206C>T","5' UTR","","3","30194","0","9.94e-5","2","8504","0","0","292","0","0","1594","0","0","3488","0","1","14540","0","0","760","0","0","1016","0","0","0","0"
"10","88603145","rs12762647","C","G","G","","","c.-153+4409C>G","intron","","1921","30240","170","6.35e-2","1609","8502","165","14","292","1","1","1594","0","3","3518","0","253","14556","4","21","762","0","20","1016","0","0","0","0"
"10","88603162",".","G","A","G","n.42-1G>A†","","n.42-1G>A","splice acceptor","LC LoF","2","30258","0","6.61e-5","0","8512","0","0","292","0","0","1594","0","0","3516","0","2","14562","0","0","762","0","0","1020","0","0","0","0"
"10","88603167",".","T","C","G","","","n.46T>C","non coding transcript exon","","1","30266","0","3.3e-5","0","8510","0","0","292","0","0","1596","0","0","3518","0","1","14568","0","0","762","0","0","1020","0","0","0","0"
"10","88603218",".","A","G","G","","","n.97A>G","non coding transcript exon","","1","30262","0","3.3e-5","0","8510","0","0","292","0","1","1594","0","0","3516","0","0","14568","0","0","762","0","0","1020","0","0","0","0"
"10","88603220",".","CAGAA","C","G","","","n.102_105delAAAG","non coding transcript exon","","1","30258","0","3.3e-5","0","8510","0","0","292","0","0","1596","0","0","3518","0","1","14560","0","0","762","0","0","1020","0","0","0","0"
"10","88635616",".","T","C","G","c.-152-8T>C","","c.-152-8T>C","splice region","","1","30256","0","3.31e-5","0","8508","0","0","292","0","0","1596","0","0","3514","0","1","14564","0","0","762","0","0","1020","0","0","0","0"
"10","88635687",".","A","G","G","","","c.-89A>G","5' UTR","","3","30260","0","9.91e-5","0","8510","0","0","292","0","0","1596","0","0","3514","0","3","14566","0","0","762","0","0","1020","0","0","0","0"
"10","88635731",".","C","T","E","","","c.-45C>T","5' UTR","","1","251934","0","3.97e-6","0","17328","0","0","9862","0","0","17324","0","0","22416","0","1","112028","0","0","35704","0","0","6384","0","0","30888","0"
"10","88635733",".","A","G","E","","","c.-43A>G","5' UTR","","1","252050","0","3.97e-6","0","17344","0","0","9864","0","0","17330","0","0","22454","0","1","112072","0","0","35706","0","0","6384","0","0","30896","0"
"10","88635740",".","A","T","E","","","c.-36A>T","5' UTR","","1","252078","0","3.97e-6","1","17344","0","0","9864","0","0","17334","0","0","22478","0","0","112078","0","0","35708","0","0","6382","0","0","30890","0"
"10","88635744",".","T","C","E","","","c.-32T>C","5' UTR","","1","252124","0","3.97e-6","0","17346","0","0","9866","0","0","17332","0","1","22484","0","0","112104","0","0","35708","0","0","6386","0","0","30898","0"
"10","88635750",".","T","C","E","","","c.-26T>C","5' UTR","","1","252164","0","3.97e-6","0","17350","0","0","9866","0","0","17336","0","0","22504","0","0","112114","0","0","35710","0","0","6386","0","1","30898","0"
"10","88635751","rs116346662","A","G","E G","","","c.-25A>G","5' UTR","","944","252168","22","3.74e-3","771","17350","15","3","9866","0","0","17336","0","16","22500","0","60","112122","0","86","35710","0","8","6386","0","0","30898","0"
"10","88635752","rs376891757","C","T","E","","","c.-24C>T","5' UTR","","1","252184","0","3.97e-6","0","17350","0","0","9866","0","0","17338","0","0","22506","0","0","112128","0","0","35710","0","0","6388","0","1","30898","0"
"10","88635753",".","AC","A","E","","","c.-22delC","5' UTR","","1","252198","0","3.97e-6","0","17350","0","0","9866","0","0","17338","0","0","22514","0","0","112134","0","1","35710","0","0","6390","0","0","30896","0"
"10","88635756","rs528738896","G","A","E G","","","c.-20G>A","5' UTR","","5","252200","0","1.98e-5","4","17354","0","0","9868","0","0","17340","0","0","22514","0","0","112132","0","1","35710","0","0","6390","0","0","30892","0"
"10","88635760",".","AC","A","E","","","c.-15delC","5' UTR","","1","252222","0","3.96e-6","0","17356","0","0","9868","0","0","17338","0","0","22516","0","0","112142","0","1","35712","0","0","6392","0","0","30898","0"
"10","88635765",".","A","G","E","","","c.-11A>G","5' UTR","","1","252246","0","3.96e-6","0","17360","0","0","9868","0","0","17344","0","0","22524","0","1","112148","0","0","35712","0","0","6392","0","0","30898","0"
"10","88635768",".","A","G","E","","","c.-8A>G","5' UTR","","3","252262","0","1.19e-5","0","17360","0","0","9868","0","0","17342","0","0","22536","0","1","112154","0","1","35712","0","0","6392","0","1","30898","0"
"10","88635775",".","A","C","E","","","c.-1A>C","5' UTR","","1","252278","0","3.96e-6","0","17362","0","0","9868","0","1","17344","0","0","22546","0","0","112156","0","0","35712","0","0","6392","0","0","30898","0"
"10","88635779","rs11528010","C","A","E G","p.Pro2Thr","p.Pro2Thr","c.4C>A","missense","","90303","252188","22099","3.58e-1","11621","17360","3952","3710","9866","688","12496","17340","4521","8372","22538","1540","28864","112100","3733","13906","35698","2741","2056","6390","337","9278","30896","1452"
"10","88635780","rs143248687","C","G","E","p.Pro2Arg","p.Pro2Arg","c.5C>G","missense","","1","252268","0","3.96e-6","0","17362","0","0","9868","0","0","17344","0","0","22546","0","1","112148","0","0","35712","0","0","6392","0","0","30896","0"
"10","88635780","rs143248687","C","T","E","p.Pro2Leu","p.Pro2Leu","c.5C>T","missense","","7","252268","0","2.77e-5","2","17362","0","0","9868","0","0","17344","0","0","22546","0","4","112148","0","1","35712","0","0","6392","0","0","30896","0"
"10","88635787",".","A","G","E","p.Leu4Leu","p.Leu4Leu","c.12A>G","synonymous","","5","252286","0","1.98e-5","0","17362","0","0","9868","0","4","17344","0","0","22552","0","1","112158","0","0","35712","0","0","6392","0","0","30898","0"
"10","88635790",".","C","T","E","p.Tyr5Tyr","p.Tyr5Tyr","c.15C>T","synonymous","","1","252298","0","3.96e-6","0","17362","0","0","9868","0","0","17346","0","0","22554","0","0","112166","0","0","35712","0","0","6390","0","1","30900","0"
"10","88635794",".","T","C","E","p.Tyr7His","p.Tyr7His","c.19T>C","missense","","1","252304","0","3.96e-6","0","17362","0","0","9868","0","0","17346","0","0","22556","0","0","112170","0","1","35712","0","0","6390","0","0","30900","0"
"10","88635801",".","G","C","E","p.Arg9Thr","p.Arg9Thr","c.26G>C","missense","","1","252278","0","3.96e-6","0","17362","0","0","9868","0","0","17346","0","0","22556","0","1","112146","0","0","35712","0","0","6388","0","0","30900","0"
"10","88635802",".","A","G","E","p.Arg9Arg","p.Arg9Arg","c.27A>G","synonymous","","4","252270","0","1.59e-5","0","17362","0","0","9868","0","3","17346","0","0","22554","0","0","112140","0","1","35712","0","0","6388","0","0","30900","0"
"10","88635805",".","A","G","E","p.Leu10Leu","p.Leu10Leu","c.30A>G","synonymous","","3","252292","0","1.19e-5","0","17362","0","0","9868","0","0","17346","0","0","22554","0","0","112160","0","2","35712","0","0","6390","0","1","30900","0"
"10","88635808",".","G","A","E","p.Leu11Leu","p.Leu11Leu","c.33G>A","synonymous","","4","252270","0","1.59e-5","1","17362","0","0","9868","0","0","17346","0","0","22548","0","0","112144","0","1","35712","0","2","6390","0","0","30900","0"
"10","88635813",".","C","G","E","p.Ala13Gly","p.Ala13Gly","c.38C>G","missense","","1","252274","0","3.96e-6","0","17362","0","0","9868","0","0","17348","0","0","22552","0","1","112142","0","0","35712","0","0","6390","0","0","30900","0"
"10","88635822","rs151235720","T","A","E G","p.Phe16Tyr","p.Phe16Tyr","c.47T>A","missense","","2","282540","0","7.08e-6","2","25874","0","0","10160","0","0","18942","0","0","26068","0","0","126712","0","0","36474","0","0","7410","0","0","30900","0"
"10","88635824",".","A","C","E","p.Ile17Leu","p.Ile17Leu","c.49A>C","missense","","8","252268","0","3.17e-5","0","17362","0","0","9868","0","0","17348","0","0","22546","0","0","112142","0","7","35712","0","1","6390","0","0","30900","0"
"10","88635824",".","A","G","E","p.Ile17Val","p.Ile17Val","c.49A>G","missense","","1","252268","0","3.96e-6","0","17362","0","0","9868","0","1","17348","0","0","22546","0","0","112142","0","0","35712","0","0","6390","0","0","30900","0"
"10","88635828",".","T","C","E","p.Ile18Thr","p.Ile18Thr","c.53T>C","missense","","6","252262","0","2.38e-5","0","17362","0","0","9868","0","0","17348","0","0","22538","0","0","112144","0","0","35712","0","0","6390","0","6","30900","0"
"10","88635834",".","G","A","E","p.Arg20His","p.Arg20His","c.59G>A","missense","","7","252246","0","2.78e-5","0","17360","0","0","9868","0","0","17348","0","0","22538","0","0","112130","0","7","35712","0","0","6390","0","0","30900","0"
"10","88635835",".","T","C","E","p.Arg20Arg","p.Arg20Arg","c.60T>C","synonymous","","2","252244","0","7.93e-6","0","17360","0","0","9868","0","0","17348","0","0","22534","0","2","112132","0","0","35712","0","0","6390","0","0","30900","0"
"10","88635840",".","A","C","E","p.Gln22Pro","p.Gln22Pro","c.65A>C","missense","","3","252224","0","1.19e-5","3","17360","0","0","9868","0","0","17346","0","0","22524","0","0","112124","0","0","35712","0","0","6390","0","0","30900","0"
"10","88635867","rs191498701","T","C","E G","","","c.67+25T>C","intron","","134","282046","2","4.75e-4","45","25860","0","0","10156","0","0","18932","0","0","25872","0","32","126456","1","47","36472","1","10","7398","0","0","30900","0"
"10","88635868","rs747777878","G","A","E G","","","c.67+26G>A","intron","","6","282000","0","2.13e-5","0","25858","0","0","10156","0","0","18932","0","0","25852","0","1","126432","0","5","36472","0","0","7398","0","0","30900","0"
"10","88635871",".","T","C","E","","","c.67+29T>C","intron","","1","251704","0","3.97e-6","0","17340","0","0","9864","0","0","17334","0","0","22314","0","0","111868","0","0","35708","0","1","6376","0","0","30900","0"
"10","88635872",".","G","A","E","","","c.67+30G>A","intron","","1","251668","0","3.97e-6","0","17340","0","0","9862","0","0","17336","0","0","22300","0","1","111848","0","0","35708","0","0","6374","0","0","30900","0"
"10","88635874",".","G","T","E","","","c.67+32G>T","intron","","1","251580","0","3.97e-6","0","17338","0","0","9862","0","0","17336","0","0","22244","0","1","111826","0","0","35706","0","0","6370","0","0","30898","0"
"10","88635875",".","T","C","E","","","c.67+33T>C","intron","","10","251566","0","3.98e-5","0","17338","0","0","9860","0","0","17334","0","0","22256","0","9","111806","0","0","35704","0","1","6372","0","0","30896","0"
"10","88635887",".","G","A","E","","","c.67+45G>A","intron","","1","250742","0","3.99e-6","0","17314","0","0","9854","0","0","17310","0","0","21870","0","0","111456","0","1","35698","0","0","6358","0","0","30882","0"
"10","88635888","rs73351703","C","T","E G","","","c.67+46C>T","intron","","1733","280938","50","6.17e-3","1609","25816","50","0","10144","0","0","18892","0","0","25358","0","15","126014","0","89","36458","0","18","7374","0","2","30882","0"
"10","88649770",".","A","G","E","","","c.68-49A>G","intron","","1","251004","0","3.98e-6","0","17316","0","0","9846","0","0","17300","0","0","22512","0","0","111448","0","0","35630","0","0","6356","0","1","30596","0"
"10","88649779",".","T","G","E","","","c.68-40T>G","intron","","4","251434","0","1.59e-5","0","17338","0","0","9848","0","0","17318","0","0","22540","0","3","111624","0","1","35666","0","0","6364","0","0","30736","0"
"10","88649782",".","G","A","E","","","c.68-37G>A","intron","","1","251490","0","3.98e-6","0","17336","0","0","9852","0","0","17322","0","0","22542","0","0","111658","0","0","35668","0","0","6364","0","1","30748","0"
"10","88649787",".","G","A","E","","","c.68-32G>A","intron","","2","251588","0","7.95e-6","0","17344","0","0","9852","0","0","17328","0","0","22556","0","2","111698","0","0","35676","0","0","6368","0","0","30766","0"
"10","88649790",".","T","A","E","","","c.68-29T>A","intron","","23","251684","0","9.14e-5","0","17346","0","0","9856","0","0","17334","0","0","22558","0","0","111772","0","23","35686","0","0","6372","0","0","30760","0"
"10","88649797",".","C","T","E","","","c.68-22C>T","intron","","1","251796","0","3.97e-6","0","17362","0","0","9854","0","0","17330","0","0","22564","0","0","111830","0","0","35678","0","1","6376","0","0","30802","0"
"10","88649799",".","A","G","E","","","c.68-20A>G","intron","","2","251830","0","7.94e-6","0","17364","0","0","9858","0","0","17342","0","0","22568","0","1","111826","0","0","35698","0","0","6380","0","1","30794","0"
"10","88649801",".","T","C","E","","","c.68-18T>C","intron","","1","251892","0","3.97e-6","0","17366","0","0","9858","0","0","17342","0","0","22570","0","1","111870","0","0","35698","0","0","6380","0","0","30808","0"
"10","88649805",".","A","G","E","","","c.68-14A>G","intron","","1","251952","0","3.97e-6","0","17368","0","0","9860","0","0","17344","0","0","22570","0","1","111924","0","0","35692","0","0","6382","0","0","30812","0"
"10","88649807","rs201120747","A","G","E G","","","c.68-12A>G","intron","","32","282250","0","1.13e-4","0","25880","0","0","10156","0","30","18938","0","0","26082","0","0","126520","0","0","36458","0","1","7402","0","1","30814","0"
"10","88649820",".","A","G","E","c.69A>G","p.Gly23Gly","c.69A>G","splice region","","1","252184","0","3.97e-6","0","17368","0","0","9866","0","0","17348","0","0","22572","0","1","112050","0","0","35704","0","0","6382","0","0","30894","0"
"10","88649822",".","A","G","E","p.Gln24Arg","p.Gln24Arg","c.71A>G","missense","","1","252206","0","3.97e-6","0","17368","0","0","9866","0","1","17346","0","0","22574","0","0","112070","0","0","35706","0","0","6382","0","0","30894","0"
"10","88649823",".","G","A","E","p.Gln24Gln","p.Gln24Gln","c.72G>A","synonymous","","1","252194","0","3.97e-6","0","17366","0","0","9864","0","0","17344","0","0","22572","0","0","112062","0","0","35708","0","0","6382","0","1","30896","0"
"10","88649830",".","G","T","E","p.Asp27Tyr","p.Asp27Tyr","c.79G>T","missense","","1","252208","0","3.96e-6","0","17366","0","0","9864","0","0","17344","0","0","22570","0","1","112078","0","0","35710","0","0","6378","0","0","30898","0"
"10","88649834","rs371904636","G","A","E G","p.Ser28Asn","p.Ser28Asn","c.83G>A","missense","","2","282492","0","7.08e-6","2","25880","0","0","10158","0","0","18940","0","0","26088","0","0","126648","0","0","36474","0","0","7406","0","0","30898","0"
"10","88649844",".","T","A","E","p.His31Gln","p.His31Gln","c.93T>A","missense","","3","252254","0","1.19e-5","0","17368","0","0","9864","0","0","17344","0","0","22572","0","0","112112","0","3","35708","0","0","6388","0","0","30898","0"
"10","88649845",".","G","C","E","p.Gly32Arg","p.Gly32Arg","c.94G>C","missense","","2","252256","0","7.93e-6","0","17370","0","0","9862","0","0","17346","0","0","22572","0","2","112112","0","0","35708","0","0","6386","0","0","30900","0"
"10","88649847",".","C","T","E","p.Gly32Gly","p.Gly32Gly","c.96C>T","synonymous","","1","252254","0","3.96e-6","0","17370","0","0","9862","0","0","17348","0","0","22572","0","1","112110","0","0","35708","0","0","6386","0","0","30898","0"
"10","88649848",".","A","G","E","p.Thr33Ala","p.Thr33Ala","c.97A>G","missense","","4","252278","0","1.59e-5","0","17368","0","0","9864","0","0","17348","0","0","22572","0","2","112132","0","2","35710","0","0","6386","0","0","30898","0"
"10","88649849","rs142454490","C","G","E G","p.Thr33Ser","p.Thr33Ser","c.98C>G","missense","","18","282532","0","6.37e-5","17","25880","0","0","10156","0","0","18944","0","0","26086","0","0","126694","0","0","36468","0","1","7406","0","0","30898","0"
"10","88649865",".","C","G","E","p.Asp38Glu","p.Asp38Glu","c.114C>G","missense","","1","252318","0","3.96e-6","0","17370","0","0","9866","0","0","17348","0","0","22574","0","1","112160","0","0","35710","0","0","6390","0","0","30900","0"
"10","88649868",".","C","G","E","p.Ser39Ser","p.Ser39Ser","c.117C>G","synonymous","","3","252298","0","1.19e-5","1","17370","0","0","9866","0","0","17344","0","0","22570","0","2","112150","0","0","35710","0","0","6390","0","0","30898","0"
"10","88649868","rs757333646","C","T","E G","p.Ser39Ser","p.Ser39Ser","c.117C>T","synonymous","","3","282548","0","1.06e-5","0","25880","0","0","10158","0","1","18938","0","0","26086","0","1","126706","0","0","36472","0","1","7410","0","0","30898","0"
"10","88649869","rs587781556","G","A","E G","p.Asp40Asn","p.Asp40Asn","c.118G>A","missense","","4","282548","0","1.42e-5","2","25880","0","0","10160","0","0","18944","0","0","26082","0","1","126700","0","1","36472","0","0","7410","0","0","30900","0"
"10","88649877",".","A","G","E","p.Lys42Lys","p.Lys42Lys","c.126A>G","synonymous","","1","252322","0","3.96e-6","0","17370","0","0","9868","0","1","17348","0","0","22572","0","0","112164","0","0","35710","0","0","6390","0","0","30900","0"
"10","88649891","rs368595543","G","A","E","p.Gly47Glu","p.Gly47Glu","c.140G>A","missense","","11","252342","0","4.36e-5","0","17370","0","0","9868","0","0","17348","0","0","22574","0","0","112186","0","11","35708","0","0","6388","0","0","30900","0"
"10","88649891","rs368595543","G","T","E","p.Gly47Val","p.Gly47Val","c.140G>T","missense","","1","252342","0","3.96e-6","0","17370","0","0","9868","0","0","17348","0","0","22574","0","1","112186","0","0","35708","0","0","6388","0","0","30900","0"
"10","88649893",".","G","A","E","p.Val48Ile","p.Val48Ile","c.142G>A","missense","","1","252332","0","3.96e-6","1","17370","0","0","9868","0","0","17348","0","0","22574","0","0","112176","0","0","35708","0","0","6388","0","0","30900","0"
"10","88649899",".","T","C","E","p.Leu50Leu","p.Leu50Leu","c.148T>C","synonymous","","1","252346","0","3.96e-6","0","17370","0","0","9868","0","0","17348","0","0","22570","0","1","112194","0","0","35708","0","0","6388","0","0","30900","0"
"10","88649921",".","C","G","E","p.Pro57Arg","p.Pro57Arg","c.170C>G","missense","","1","252320","0","3.96e-6","0","17370","0","0","9868","0","0","17348","0","0","22574","0","1","112160","0","0","35710","0","0","6390","0","0","30900","0"
"10","88649934","rs140610221","C","T","E","p.Cys61Cys","p.Cys61Cys","c.183C>T","synonymous","","2","252338","0","7.93e-6","0","17370","0","0","9868","0","0","17348","0","0","22574","0","1","112178","0","0","35710","0","1","6390","0","0","30900","0"
"10","88649942",".","C","T","E","p.Ser64Leu","p.Ser64Leu","c.191C>T","missense","","1","252346","0","3.96e-6","0","17370","0","0","9868","0","0","17348","0","0","22572","0","1","112188","0","0","35710","0","0","6390","0","0","30900","0"
"10","88649946",".","G","A","E","p.Gly65Gly","p.Gly65Gly","c.195G>A","synonymous","","1","252346","0","3.96e-6","0","17370","0","0","9868","0","1","17348","0","0","22572","0","0","112188","0","0","35710","0","0","6390","0","0","30900","0"
"10","88649946",".","G","C","E","p.Gly65Gly","p.Gly65Gly","c.195G>C","synonymous","","1","252346","0","3.96e-6","1","17370","0","0","9868","0","0","17348","0","0","22572","0","0","112188","0","0","35710","0","0","6390","0","0","30900","0"
"10","88649949","rs150493865","C","T","E G","p.His66His","p.His66His","c.198C>T","synonymous","","3","282600","0","1.06e-5","0","25878","0","0","10160","0","0","18944","0","0","26086","0","3","126754","0","0","36470","0","0","7408","0","0","30900","0"
"10","88649956",".","G","C","E","p.Asp69His","p.Asp69His","c.205G>C","missense","","1","252352","0","3.96e-6","0","17370","0","0","9868","0","0","17348","0","0","22572","0","1","112196","0","0","35710","0","0","6388","0","0","30900","0"
"10","88649984",".","A","G","E","c.230+3A>G","","c.230+3A>G","splice region","","2","252344","0","7.93e-6","0","17370","0","0","9868","0","0","17348","0","0","22572","0","2","112188","0","0","35710","0","0","6388","0","0","30900","0"
"10","88649988","rs186530845","A","G","E","c.230+7A>G","","c.230+7A>G","splice region","","4","252338","0","1.59e-5","0","17370","0","0","9868","0","4","17348","0","0","22570","0","0","112184","0","0","35710","0","0","6388","0","0","30900","0"
"10","88649996",".","C","T","E","","","c.230+15C>T","intron","","1","252324","0","3.96e-6","0","17370","0","0","9868","0","0","17346","0","0","22572","0","0","112170","0","0","35710","0","0","6388","0","1","30900","0"
"10","88650000",".","C","G","E","","","c.230+19C>G","intron","","2","252312","0","7.93e-6","0","17370","0","0","9868","0","0","17346","0","0","22570","0","0","112160","0","0","35710","0","0","6388","0","2","30900","0"
"10","88650001",".","C","A","E","","","c.230+20C>A","intron","","1","252318","0","3.96e-6","0","17370","0","0","9868","0","0","17346","0","0","22570","0","0","112166","0","1","35710","0","0","6388","0","0","30900","0"
"10","88650001","rs755474277","C","G","E G","","","c.230+20C>G","intron","","2","282546","0","7.08e-6","0","25874","0","0","10160","0","0","18940","0","0","26072","0","2","126724","0","0","36468","0","0","7408","0","0","30900","0"
"10","88650018","rs201927554","G","A","E G","","","c.230+37G>A","intron","","689","282380","14","2.44e-3","0","25872","0","0","10160","0","1","18942","0","0","26038","0","0","126656","0","1","36466","0","7","7406","0","680","30840","14"
"10","88650020",".","A","G","E","","","c.230+39A>G","intron","","1","252112","0","3.97e-6","0","17366","0","0","9868","0","0","17346","0","0","22558","0","1","112094","0","0","35700","0","0","6386","0","0","30794","0"
"10","88650025",".","G","A","E","","","c.230+44G>A","intron","","2","251884","0","7.94e-6","0","17352","0","0","9866","0","0","17342","0","0","22532","0","0","111976","0","0","35696","0","0","6380","0","2","30740","0"
"10","88650026",".","T","C","G","","","c.230+45T>C","intron","","1","30232","0","3.31e-5","0","8508","0","0","292","0","0","1596","0","0","3500","0","1","14556","0","0","760","0","0","1020","0","0","0","0"
"10","88650030",".","A","G","E","","","c.230+49A>G","intron","","1","250766","0","3.99e-6","0","17302","0","0","9854","0","0","17324","0","0","22522","0","1","111676","0","0","35626","0","0","6364","0","0","30098","0"
"10","88651837",".","T","C","E","","","c.231-47T>C","intron","","1","231860","0","4.31e-6","0","15968","0","0","9538","0","1","16062","0","0","19818","0","0","100858","0","0","34508","0","0","6012","0","0","29096","0"
"10","88651840",".","A","G","E","","","c.231-44A>G","intron","","1","234752","0","4.26e-6","0","16220","0","0","9594","0","0","16254","0","0","20182","0","1","102312","0","0","34704","0","0","6062","0","0","29424","0"
"10","88651845","rs746810642","A","G","E G","","","c.231-39A>G","intron","","13","239984","1","5.42e-5","0","16546","0","0","9680","0","0","16582","0","0","20790","0","13","105232","1","0","35064","0","0","6166","0","0","29924","0"
"10","88651848",".","T","A","E","","","c.231-36T>A","intron","","1","243620","0","4.1e-6","0","16794","0","0","9744","0","0","16830","0","1","21184","0","0","107226","0","0","35330","0","0","6246","0","0","30266","0"
"10","88651848",".","T","C","E","","","c.231-36T>C","intron","","5","243620","0","2.05e-5","0","16794","0","0","9744","0","0","16830","0","0","21184","0","0","107226","0","5","35330","0","0","6246","0","0","30266","0"
"10","88651850","rs778034897","A","ATGTTT","E G","","","c.231-17_231-13dupGTTTT","intron","","9","243458","0","3.7e-5","0","16838","0","0","9720","0","1","16836","0","0","21264","0","7","107108","0","1","35246","0","0","6238","0","0","30208","0"
"10","88651850",".","A","G","E","","","c.231-34A>G","intron","","3","243458","0","1.23e-5","0","16838","0","0","9720","0","0","16836","0","0","21264","0","3","107108","0","0","35246","0","0","6238","0","0","30208","0"
"10","88651850",".","ATGTTT","A","E","","","c.231-17_231-13delGTTTT","intron","","4","243458","0","1.64e-5","1","16838","0","0","9720","0","0","16836","0","1","21264","0","0","107108","0","2","35246","0","0","6238","0","0","30208","0"
"10","88651855",".","T","C","E G","","","c.231-29T>C","intron","","2","247510","0","8.08e-6","2","17076","0","0","9790","0","0","17074","0","0","21586","0","0","109538","0","0","35562","0","0","6298","0","0","30586","0"
"10","88651859","rs372358552","T","A","E","","","c.231-25T>A","intron","","1","249180","0","4.01e-6","1","17180","0","0","9820","0","0","17166","0","0","21894","0","0","110442","0","0","35626","0","0","6332","0","0","30720","0"
"10","88651861",".","T","A","E","","","c.231-23T>A","intron","","4","249708","0","1.6e-5","0","17214","0","0","9832","0","4","17194","0","0","21994","0","0","110738","0","0","35646","0","0","6338","0","0","30752","0"
"10","88651867",".","G","A","E","","","c.231-17G>A","intron","","1","249914","0","4e-6","0","17238","0","0","9840","0","0","17238","0","0","22016","0","1","110848","0","0","35648","0","0","6338","0","0","30748","0"
"10","88651867",".","G","GT","E","","","c.231-10dupT","intron","","11","249914","0","4.4e-5","0","17238","0","0","9840","0","0","17238","0","0","22016","0","6","110848","0","3","35648","0","1","6338","0","1","30748","0"
"10","88651867",".","G","T","E","","","c.231-17G>T","intron","","2","249914","0","8e-6","0","17238","0","0","9840","0","0","17238","0","0","22016","0","1","110848","0","0","35648","0","0","6338","0","1","30748","0"
"10","88651872",".","T","C","E","","","c.231-12T>C","intron","","1","251330","0","3.98e-6","0","17304","0","1","9848","0","0","17296","0","0","22284","0","0","111710","0","0","35676","0","0","6366","0","0","30846","0"
"10","88651873",".","T","A","E","","","c.231-11T>A","intron","","1","251466","0","3.98e-6","0","17314","0","0","9852","0","1","17304","0","0","22318","0","0","111772","0","0","35682","0","0","6368","0","0","30856","0"
"10","88651875",".","C","G","E","","","c.231-9C>G","intron","","1","251416","0","3.98e-6","0","17306","0","0","9850","0","0","17298","0","0","22312","0","0","111738","0","0","35680","0","0","6376","0","1","30856","0"
"10","88651875",".","C","T","E","","","c.231-9C>T","intron","","2","251416","0","7.95e-6","0","17306","0","0","9850","0","0","17298","0","0","22312","0","2","111738","0","0","35680","0","0","6376","0","0","30856","0"
"10","88651877",".","G","T","E","c.231-7G>T","","c.231-7G>T","splice region","","1","251608","0","3.97e-6","0","17316","0","0","9856","0","0","17308","0","0","22338","0","1","111854","0","0","35682","0","0","6388","0","0","30866","0"
"10","88651893",".","A","C","E","p.Gly80Gly","p.Gly80Gly","c.240A>C","synonymous","","1","252238","0","3.96e-6","0","17358","0","0","9864","0","0","17340","0","0","22524","0","1","112156","0","0","35710","0","0","6396","0","0","30890","0"
"10","88651894",".","C","T","E","p.His81Tyr","p.His81Tyr","c.241C>T","missense","","1","252208","0","3.96e-6","0","17364","0","0","9864","0","0","17340","0","0","22522","0","1","112130","0","0","35708","0","0","6396","0","0","30884","0"
"10","88651899","rs759647230","C","T","G","p.Cys82Cys","p.Cys82Cys","c.246C>T","synonymous","","1","30252","0","3.31e-5","1","8508","0","0","292","0","0","1590","0","0","3518","0","0","14564","0","0","760","0","0","1020","0","0","0","0"
"10","88651906","rs374739820","A","G","E","p.Ile85Val","p.Ile85Val","c.253A>G","missense","","1","252316","0","3.96e-6","0","17370","0","0","9864","0","0","17334","0","0","22548","0","1","112198","0","0","35710","0","0","6396","0","0","30896","0"
"10","88651946",".","C","T","E","p.Ser98Leu","p.Ser98Leu","c.293C>T","missense","","1","252358","0","3.96e-6","0","17366","0","0","9866","0","0","17336","0","0","22560","0","0","112226","0","0","35708","0","0","6396","0","1","30900","0"
"10","88651947",".","A","G","E","p.Ser98Ser","p.Ser98Ser","c.294A>G","synonymous","","3","252350","0","1.19e-5","0","17366","0","0","9868","0","0","17334","0","0","22564","0","3","112218","0","0","35708","0","0","6394","0","0","30898","0"
"10","88651965",".","A","G","E","p.Glu104Glu","p.Glu104Glu","c.312A>G","synonymous","","2","252304","0","7.93e-6","0","17366","0","0","9868","0","0","17328","0","0","22568","0","2","112184","0","0","35706","0","0","6392","0","0","30892","0"
"10","88651985",".","A","G","E","p.Lys111Arg","p.Lys111Arg","c.332A>G","missense","","2","252146","0","7.93e-6","0","17360","0","0","9866","0","0","17324","0","0","22560","0","2","112074","0","0","35708","0","0","6392","0","0","30862","0"
"10","88651992",".","A","C","E","c.333+6A>C","","c.333+6A>C","splice region","","1","251886","0","3.97e-6","0","17344","0","0","9862","0","0","17304","0","0","22542","0","1","111916","0","0","35702","0","0","6386","0","0","30830","0"
"10","88651994",".","A","G","E","c.333+8A>G","","c.333+8A>G","splice region","","1","251732","0","3.97e-6","0","17342","0","0","9860","0","0","17290","0","0","22536","0","1","111810","0","0","35696","0","0","6386","0","0","30812","0"
"10","88652001",".","G","A","E","","","c.333+15G>A","intron","","1","251040","0","3.98e-6","0","17274","0","0","9844","0","0","17248","0","0","22516","0","1","111362","0","0","35670","0","0","6370","0","0","30756","0"
"10","88652005",".","C","A","E","","","c.333+19C>A","intron","","1","250610","0","3.99e-6","0","17258","0","0","9838","0","0","17234","0","0","22466","0","0","111108","0","0","35642","0","0","6356","0","1","30708","0"
"10","88652005",".","C","T","E","","","c.333+19C>T","intron","","1","250610","0","3.99e-6","0","17258","0","0","9838","0","0","17234","0","0","22466","0","1","111108","0","0","35642","0","0","6356","0","0","30708","0"
"10","88652008",".","A","G","E","","","c.333+22A>G","intron","","1","250412","0","3.99e-6","0","17220","0","0","9834","0","0","17206","0","0","22476","0","1","110968","0","0","35640","0","0","6352","0","0","30716","0"
"10","88652009",".","T","C","E","","","c.333+23T>C","intron","","2","250076","0","8e-6","0","17188","0","0","9830","0","0","17166","0","0","22468","0","0","110786","0","2","35624","0","0","6346","0","0","30668","0"
"10","88652010",".","G","C","E","","","c.333+24G>C","intron","","23","249734","0","9.21e-5","0","17182","0","0","9818","0","0","17158","0","0","22440","0","0","110542","0","0","35622","0","0","6340","0","23","30632","0"
"10","88652014","rs192599431","C","G","E G","","","c.333+28C>G","intron","","41","278938","0","1.47e-4","38","25588","0","0","10104","0","0","18676","0","0","25906","0","0","124468","0","2","36344","0","0","7330","0","1","30522","0"
"10","88652014",".","CAA","C","E","","","c.333+30_333+31delAA","intron","","1","248720","0","4.02e-6","0","17098","0","0","9812","0","0","17080","0","0","22392","0","0","109922","0","1","35582","0","0","6312","0","0","30522","0"
"10","88652014",".","CAAAG","C","E","","","c.333+31_333+34delAGAA","intron","","6","248720","0","2.41e-5","5","17098","0","0","9812","0","0","17080","0","0","22392","0","1","109922","0","0","35582","0","0","6312","0","0","30522","0"
"10","88652019",".","A","AAGGGAGGGGCCAT","E","","","c.333+35_333+47dupGGGAGGGGCCATA","intron","","1","247142","0","4.05e-6","0","17004","0","0","9792","0","1","16948","0","0","22348","0","0","108934","0","0","35456","0","0","6280","0","0","30380","0"
"10","88652019",".","A","G","E","","","c.333+33A>G","intron","","12","247142","0","4.86e-5","0","17004","0","0","9792","0","0","16948","0","0","22348","0","0","108934","0","12","35456","0","0","6280","0","0","30380","0"
"10","88652023",".","G","A","E","","","c.333+37G>A","intron","","11","245532","0","4.48e-5","0","16892","0","0","9764","0","0","16804","0","0","22256","0","0","107990","0","6","35374","0","5","6224","0","0","30228","0"
"10","88652031","rs75039078","A","C","E","","","c.333+45A>C","intron","","1","240840","0","4.15e-6","0","16528","0","0","9704","0","0","16430","0","0","22026","0","1","105274","0","0","35040","0","0","6126","0","0","29712","0"
"10","88652031","rs75039078","A","G","E G","","","c.333+45A>G","intron","","89","271092","0","3.28e-4","76","25034","0","0","9996","0","0","18026","0","0","25542","0","2","119836","0","11","35800","0","0","7146","0","0","29712","0"
"10","88652034",".","T","G","E","","","c.333+48T>G","intron","","1","239618","0","4.17e-6","0","16478","0","0","9692","0","0","16302","0","0","21960","0","1","104654","0","0","34864","0","0","6100","0","0","29568","0"
"10","88652037",".","A","T","E","","","c.333+51A>T","intron","","2","238680","0","8.38e-6","0","16374","0","0","9686","0","0","16210","0","0","21960","0","2","104052","0","0","34822","0","0","6080","0","0","29496","0"
"10","88659503",".","G","C","E","","","c.334-48G>C","intron","","1","249308","0","4.01e-6","0","17074","0","0","9814","0","0","17112","0","0","22296","0","1","110508","0","0","35512","0","0","6310","0","0","30682","0"
"10","88659503",".","G","T","E","","","c.334-48G>T","intron","","12","249308","0","4.81e-5","0","17074","0","0","9814","0","0","17112","0","0","22296","0","12","110508","0","0","35512","0","0","6310","0","0","30682","0"
"10","88659515",".","A","C","E","","","c.334-36A>C","intron","","2","251478","0","7.95e-6","0","17240","0","0","9858","0","0","17266","0","0","22520","0","2","111758","0","0","35642","0","0","6362","0","0","30832","0"
"10","88659516",".","A","C","E","","","c.334-35A>C","intron","","2","251524","0","7.95e-6","0","17244","0","0","9854","0","0","17266","0","0","22514","0","2","111780","0","0","35652","0","0","6370","0","0","30844","0"
"10","88659518",".","C","G","G","","","c.334-33C>G","intron","","2","30266","0","6.61e-5","1","8514","0","0","292","0","0","1594","0","0","3518","0","1","14570","0","0","762","0","0","1016","0","0","0","0"
"10","88659526",".","A","G","E","","","c.334-25A>G","intron","","1","251968","0","3.97e-6","0","17294","0","0","9856","0","0","17298","0","0","22542","0","1","112046","0","0","35680","0","0","6380","0","0","30872","0"
"10","88659535","rs143279531","A","G","E","","","c.334-16A>G","intron","","1","252216","0","3.96e-6","0","17328","0","0","9868","0","1","17320","0","0","22556","0","0","112172","0","0","35696","0","0","6388","0","0","30888","0"
"10","88659535","rs143279531","A","T","E","","","c.334-16A>T","intron","","1","252216","0","3.96e-6","0","17328","0","0","9868","0","0","17320","0","0","22556","0","1","112172","0","0","35696","0","0","6388","0","0","30888","0"
"10","88659539",".","CTCT","C","E","","","c.334-7_334-5delCTT","intron","","1","252270","0","3.96e-6","0","17336","0","0","9866","0","1","17332","0","0","22562","0","0","112184","0","0","35706","0","0","6392","0","0","30892","0"
"10","88659563",".","G","A","E","p.Ala116Thr","p.Ala116Thr","c.346G>A","missense","","4","252388","0","1.58e-5","0","17370","0","0","9868","0","0","17348","0","0","22570","0","0","112230","0","0","35712","0","0","6390","0","4","30900","0"
"10","88659564","rs750097648","C","T","E G","p.Ala116Val","p.Ala116Val","c.347C>T","missense","","2","30260","0","6.61e-5","2","8514","0","0","292","0","0","1594","0","0","3518","0","0","14560","0","0","762","0","0","1020","0","0","0","0"
"10","88659574",".","C","G","E","p.Arg119Arg","p.Arg119Arg","c.357C>G","synonymous","","2","252404","0","7.92e-6","0","17368","0","0","9870","0","0","17348","0","0","22574","0","0","112242","0","2","35710","0","0","6392","0","0","30900","0"
"10","88659581",".","A","G","G","p.Ile122Val","p.Ile122Val","c.364A>G","missense","","1","30260","0","3.3e-5","1","8508","0","0","292","0","0","1594","0","0","3516","0","0","14568","0","0","762","0","0","1020","0","0","0","0"
"10","88659586",".","A","G","E","p.Glu123Glu","p.Glu123Glu","c.369A>G","synonymous","","1","252408","0","3.96e-6","0","17370","0","0","9870","0","0","17348","0","0","22574","0","1","112242","0","0","35710","0","0","6394","0","0","30900","0"
"10","88659589",".","T","C","E","p.Cys124Cys","p.Cys124Cys","c.372T>C","synonymous","","2","252398","0","7.92e-6","0","17370","0","0","9870","0","0","17348","0","0","22574","0","2","112234","0","0","35712","0","0","6390","0","0","30900","0"
"10","88659592",".","T","C","E","p.Cys125Cys","p.Cys125Cys","c.375T>C","synonymous","","1","252398","0","3.96e-6","0","17370","0","0","9870","0","0","17348","0","0","22574","0","1","112234","0","0","35710","0","0","6394","0","0","30898","0"
"10","88659593",".","C","T","E","p.Arg126Trp","p.Arg126Trp","c.376C>T","missense","","1","252390","0","3.96e-6","0","17370","0","0","9870","0","1","17348","0","0","22574","0","0","112230","0","0","35710","0","0","6388","0","0","30900","0"
"10","88659594",".","G","A","E","p.Arg126Gln","p.Arg126Gln","c.377G>A","missense","","3","252388","0","1.19e-5","1","17370","0","0","9870","0","1","17348","0","0","22572","0","0","112228","0","0","35710","0","0","6392","0","1","30898","0"
"10","88659600","rs375165807","A","G","E","p.Asn128Ser","p.Asn128Ser","c.383A>G","missense","","7","252390","0","2.77e-5","0","17370","0","0","9870","0","0","17348","0","0","22574","0","5","112228","0","1","35710","0","1","6390","0","0","30900","0"
"10","88659621",".","A","G","E","p.Gln135Arg","p.Gln135Arg","c.404A>G","missense","","1","252394","0","3.96e-6","0","17370","0","0","9870","0","0","17348","0","0","22574","0","0","112224","0","0","35712","0","0","6396","0","1","30900","0"
"10","88659628",".","A","G","E","p.Thr137Thr","p.Thr137Thr","c.411A>G","synonymous","","2","252390","0","7.92e-6","0","17370","0","0","9870","0","0","17348","0","0","22574","0","2","112222","0","0","35712","0","0","6394","0","0","30900","0"
"10","88659630",".","T","G","E","p.Leu138Arg","p.Leu138Arg","c.413T>G","missense","","1","252370","0","3.96e-6","0","17370","0","0","9870","0","0","17348","0","0","22574","0","1","112202","0","0","35712","0","0","6394","0","0","30900","0"
"10","88659632",".","C","T","E","p.Pro139Ser","p.Pro139Ser","c.415C>T","missense","","1","252368","0","3.96e-6","0","17370","0","0","9870","0","1","17348","0","0","22574","0","0","112198","0","0","35712","0","0","6396","0","0","30900","0"
"10","88659635","rs138478597","C","G","G","p.Pro140Ala","p.Pro140Ala","c.418C>G","missense","","1","30266","0","3.3e-5","1","8512","0","0","292","0","0","1596","0","0","3518","0","0","14566","0","0","762","0","0","1020","0","0","0","0"
"10","88659635","rs138478597","C","T","E","p.Pro140Ser","p.Pro140Ser","c.418C>T","missense","","2","252360","0","7.93e-6","0","17370","0","0","9870","0","0","17348","0","0","22572","0","1","112194","0","0","35712","0","0","6394","0","1","30900","0"
"10","88659638",".","G","A","E","p.Val141Ile","p.Val141Ile","c.421G>A","missense","","1","252348","0","3.96e-6","0","17368","0","0","9870","0","0","17346","0","0","22572","0","0","112186","0","0","35710","0","0","6396","0","1","30900","0"
"10","88659644","rs760739609","A","G","G","p.Ile143Val","p.Ile143Val","c.427A>G","missense","","1","30268","0","3.3e-5","0","8512","0","0","292","0","0","1596","0","0","3518","0","1","14568","0","0","762","0","0","1020","0","0","0","0"
"10","88659658",".","C","G","E","","","c.430+11C>G","intron","","1","252320","0","3.96e-6","0","17366","0","0","9870","0","0","17346","0","0","22572","0","1","112166","0","0","35704","0","0","6396","0","0","30900","0"
"10","88659658","rs762244358","C","T","E G","","","c.430+11C>T","intron","","7","282572","0","2.48e-5","1","25874","0","0","10162","0","1","18940","0","0","26090","0","2","126724","0","0","36466","0","0","7416","0","3","30900","0"
"10","88659659","rs201530603","G","A","E","","","c.430+12G>A","intron","","3","252324","0","1.19e-5","0","17368","0","0","9870","0","0","17344","0","0","22572","0","3","112176","0","0","35702","0","0","6396","0","0","30896","0"
"10","88659663",".","A","C","E","","","c.430+16A>C","intron","","1","252344","0","3.96e-6","0","17368","0","0","9870","0","0","17346","0","0","22574","0","1","112186","0","0","35708","0","0","6394","0","0","30898","0"
"10","88659666",".","G","A","E","","","c.430+19G>A","intron","","1","252314","0","3.96e-6","0","17368","0","0","9870","0","1","17342","0","0","22572","0","0","112160","0","0","35710","0","0","6394","0","0","30898","0"
"10","88659667",".","T","A","E G","","","c.430+20T>A","intron","","2","282586","0","7.08e-6","0","25878","0","0","10162","0","0","18936","0","0","26088","0","2","126742","0","0","36466","0","0","7414","0","0","30900","0"
"10","88659668","rs765940263","C","T","E G","","","c.430+21C>T","intron","","1","30260","0","3.3e-5","0","8510","0","0","292","0","0","1596","0","0","3516","0","0","14564","0","0","762","0","1","1020","0","0","0","0"
"10","88659672","rs200416589","G","A","E G","","","c.430+25G>A","intron","","447","282544","4","1.58e-3","3","25880","0","0","10162","0","0","18936","0","2","26088","0","111","126704","0","19","36466","0","6","7412","0","306","30896","4"
"10","88659674",".","A","G","E","","","c.430+27A>G","intron","","1","252272","0","3.96e-6","0","17368","0","0","9870","0","0","17340","0","0","22568","0","1","112134","0","0","35704","0","0","6390","0","0","30898","0"
"10","88659676",".","G","A","E","","","c.430+29G>A","intron","","1","252310","0","3.96e-6","0","17368","0","0","9870","0","0","17348","0","0","22566","0","0","112162","0","1","35706","0","0","6392","0","0","30898","0"
"10","88659682",".","C","A","E","","","c.430+35C>A","intron","","3","252276","0","1.19e-5","0","17368","0","0","9868","0","3","17342","0","0","22572","0","0","112140","0","0","35698","0","0","6392","0","0","30896","0"
"10","88659687","rs369985300","A","G","E","","","c.430+40A>G","intron","","57","252328","0","2.26e-4","0","17364","0","0","9870","0","0","17342","0","0","22572","0","7","112186","0","17","35706","0","1","6388","0","32","30900","0"
"10","88659688","rs777675370","T","C","E G","","","c.430+41T>C","intron","","3","282578","0","1.06e-5","0","25876","0","0","10162","0","0","18938","0","0","26084","0","3","126748","0","0","36462","0","0","7408","0","0","30900","0"
"10","88659740",".","A","AT","E","","","c.431-38dupT","intron","","1","252174","0","3.97e-6","0","17358","0","0","9868","0","0","17342","0","0","22556","0","1","112070","0","0","35700","0","0","6382","0","0","30898","0"
"10","88659741",".","T","C","E","","","c.431-43T>C","intron","","1","252210","0","3.96e-6","0","17358","0","0","9868","0","0","17346","0","0","22556","0","1","112098","0","0","35704","0","0","6382","0","0","30898","0"
"10","88659748",".","A","T","E","","","c.431-36A>T","intron","","3","252214","0","1.19e-5","0","17362","0","0","9866","0","0","17344","0","0","22556","0","3","112104","0","0","35702","0","0","6384","0","0","30896","0"
"10","88659753",".","AATTGTTTAC","A","E","","","c.431-21_431-13delATTGTTTAC","intron","","1","252252","0","3.96e-6","0","17364","0","0","9870","0","0","17346","0","0","22556","0","0","112126","0","0","35706","0","0","6386","0","1","30898","0"
"10","88659754","rs148331454","A","G","E G","","","c.431-30A>G","intron","","55","282502","1","1.95e-4","3","25876","0","0","10162","0","0","18940","0","1","26074","0","7","126684","0","0","36466","0","2","7402","0","42","30898","1"
"10","88659758","rs7920259","T","A","E G","","","c.431-26T>A","intron","","9692","282518","543","3.43e-2","4596","25870","438","724","10162","27","2","18940","0","26","26078","0","2244","126702","24","765","36464","9","201","7406","2","1134","30896","43"
"10","88659772",".","T","A","E","","","c.431-12T>A","intron","","1","252314","0","3.96e-6","0","17366","0","0","9870","0","0","17344","0","0","22548","0","1","112188","0","0","35710","0","0","6388","0","0","30900","0"
"10","88659788","rs11818239","G","A","E G","p.Pro145Pro","p.Pro145Pro","c.435G>A","synonymous","","4071","282522","261","1.44e-2","3656","25862","258","0","10160","0","1","18940","0","0","26038","0","74","126742","1","282","36472","2","50","7408","0","8","30900","0"
"10","88659788",".","G","T","E","p.Pro145Pro","p.Pro145Pro","c.435G>T","synonymous","","1","252290","0","3.96e-6","0","17362","0","0","9868","0","0","17344","0","0","22530","0","0","112186","0","1","35710","0","0","6390","0","0","30900","0"
"10","88659788",".","GT","G","E","p.Phe147LeufsTer18","p.Phe147LeufsTer18","c.441delT","frameshift","","1","252290","0","3.96e-6","0","17362","0","0","9868","0","0","17344","0","1","22530","0","0","112186","0","0","35710","0","0","6390","0","0","30900","0"
"10","88659790",".","T","C","E","p.Phe146Ser","p.Phe146Ser","c.437T>C","missense","","9","252306","0","3.57e-5","0","17368","0","0","9870","0","0","17348","0","0","22536","0","0","112182","0","9","35712","0","0","6390","0","0","30900","0"
"10","88659808","rs567009904","G","A","E G","p.Arg152Gln","p.Arg152Gln","c.455G>A","missense","","1","30260","0","3.3e-5","0","8510","0","0","292","0","0","1596","0","0","3516","0","1","14564","0","0","762","0","0","1020","0","0","0","0"
"10","88659823",".","T","G","E","p.Leu157Arg","p.Leu157Arg","c.470T>G","missense","","1","252296","0","3.96e-6","0","17366","0","0","9870","0","0","17348","0","0","22524","0","0","112190","0","0","35710","0","0","6388","0","1","30900","0"
"10","88659828",".","T","C","E","p.Ser159Pro","p.Ser159Pro","c.475T>C","missense","","1","252280","0","3.96e-6","0","17366","0","0","9870","0","0","17348","0","0","22512","0","0","112182","0","0","35712","0","0","6390","0","1","30900","0"
"10","88659831","rs145101532","A","G","E G","p.Met160Val","p.Met160Val","c.478A>G","missense","","17","252284","0","6.74e-5","3","17366","0","0","9870","0","3","17348","0","0","22514","0","2","112184","0","4","35712","0","0","6390","0","5","30900","0"
"10","88659834",".","G","A","G","p.Ala161Thr","p.Ala161Thr","c.481G>A","missense","","1","30260","0","3.3e-5","1","8512","0","0","292","0","0","1596","0","0","3518","0","0","14560","0","0","762","0","0","1020","0","0","0","0"
"10","88659843","rs142965096","A","G","E","p.Ile164Val","p.Ile164Val","c.490A>G","missense","","2","252256","0","7.93e-6","1","17362","0","0","9870","0","0","17348","0","0","22500","0","1","112174","0","0","35712","0","0","6390","0","0","30900","0"
"10","88659847",".","T","C","E","p.Ile165Thr","p.Ile165Thr","c.494T>C","missense","","1","252250","0","3.96e-6","0","17360","0","0","9870","0","0","17348","0","0","22498","0","0","112172","0","0","35712","0","0","6390","0","1","30900","0"
"10","88659848",".","T","G","E","p.Ile165Met","p.Ile165Met","c.495T>G","missense","","1","252246","0","3.96e-6","0","17358","0","0","9870","0","0","17348","0","0","22510","0","0","112160","0","0","35712","0","0","6388","0","1","30900","0"
"10","88659852","rs200951235","A","G","E G","p.Met167Val","p.Met167Val","c.499A>G","missense","","16","282488","0","5.66e-5","3","25870","0","0","10162","0","0","18944","0","0","25994","0","12","126734","0","0","36474","0","1","7410","0","0","30900","0"
"10","88659852","rs200951235","A","T","E","p.Met167Leu","p.Met167Leu","c.499A>T","missense","","2","252226","0","7.93e-6","2","17360","0","0","9870","0","0","17348","0","0","22478","0","0","112168","0","0","35712","0","0","6390","0","0","30900","0"
"10","88659858",".","A","G","E","p.Ile169Val","p.Ile169Val","c.505A>G","missense","","1","252182","0","3.97e-6","0","17362","0","0","9870","0","0","17348","0","0","22448","0","0","112152","0","1","35712","0","0","6390","0","0","30900","0"
"10","88659859",".","T","TTCC","E","p.Ile169_Phe170insPr...","p.Ile169_Phe170insPro","c.506_507insTCC","inframe insertion","","3","252184","0","1.19e-5","0","17364","0","0","9870","0","0","17348","0","2","22446","0","1","112154","0","0","35712","0","0","6390","0","0","30900","0"
"10","88659863","rs747266339","C","T","E G","p.Phe170Phe","p.Phe170Phe","c.510C>T","synonymous","","6","282376","0","2.12e-5","0","25876","0","0","10162","0","0","18944","0","0","25922","0","6","126688","0","0","36474","0","0","7410","0","0","30900","0"
"10","88659864","rs377733546","T","C","E","p.Ser171Pro","p.Ser171Pro","c.511T>C","missense","","1","252108","0","3.97e-6","0","17362","0","0","9870","0","0","17346","0","0","22416","0","1","112116","0","0","35712","0","0","6386","0","0","30900","0"
"10","88659869",".","C","T","E G","p.Ser172Ser","p.Ser172Ser","c.516C>T","synonymous","","2","282284","0","7.09e-6","0","25874","0","0","10160","0","0","18944","0","0","25884","0","0","126644","0","1","36474","0","1","7406","0","0","30898","0"
"10","88659877","rs370091063","G","A","E","p.Cys175Tyr","p.Cys175Tyr","c.524G>A","missense","","3","251834","0","1.19e-5","2","17354","0","0","9862","0","0","17348","0","0","22242","0","1","112036","0","0","35708","0","0","6384","0","0","30900","0"
"10","88659890",".","A","G","E","c.530+7A>G","","c.530+7A>G","splice region","","1","251266","0","3.98e-6","0","17332","0","0","9858","0","0","17344","0","0","21884","0","1","111876","0","0","35698","0","0","6376","0","0","30898","0"
"10","88659895",".","T","C","E","","","c.530+12T>C","intron","","3","250876","0","1.2e-5","0","17318","0","0","9856","0","0","17340","0","0","21644","0","3","111768","0","0","35698","0","0","6366","0","0","30886","0"
"10","88659896","rs367550999","T","G","E G","","","c.530+13T>G","intron","","22","281046","0","7.83e-5","1","25818","0","0","10148","0","0","18938","0","0","25112","0","21","126300","0","0","36456","0","0","7386","0","0","30888","0"
"10","88659900",".","T","G","E","","","c.530+17T>G","intron","","1","250342","0","3.99e-6","0","17294","0","0","9856","0","1","17332","0","0","21356","0","0","111570","0","0","35692","0","0","6362","0","0","30880","0"
"10","88659901",".","T","C","E","","","c.530+18T>C","intron","","1","250242","0","4e-6","1","17282","0","0","9858","0","0","17332","0","0","21296","0","0","111548","0","0","35690","0","0","6360","0","0","30876","0"
"10","88659906",".","G","A","E","","","c.530+23G>A","intron","","5","249518","0","2e-5","0","17256","0","0","9854","0","0","17324","0","0","20884","0","0","111328","0","0","35674","0","0","6340","0","5","30858","0"
"10","88659907","rs372259392","C","A","E","","","c.530+24C>A","intron","","52","249344","1","2.09e-4","2","17250","0","0","9850","0","48","17310","1","0","20786","0","0","111290","0","2","35664","0","0","6336","0","0","30858","0"
"10","88659907","rs372259392","C","G","E","","","c.530+24C>G","intron","","4","249344","0","1.6e-5","0","17250","0","0","9850","0","0","17310","0","0","20786","0","4","111290","0","0","35664","0","0","6336","0","0","30858","0"
"10","88659915",".","T","C","E","","","c.530+32T>C","intron","","1","248076","0","4.03e-6","0","17186","0","0","9838","0","0","17272","0","0","20176","0","1","110818","0","0","35636","0","0","6306","0","0","30844","0"
"10","88659916",".","T","G","E","","","c.530+33T>G","intron","","1","247214","0","4.05e-6","0","17144","0","0","9826","0","0","17236","0","0","19842","0","0","110466","0","0","35596","0","0","6286","0","1","30818","0"
"10","88659922","rs372308122","A","G","E","","","c.530+39A>G","intron","","2","245992","0","8.13e-6","2","17108","0","0","9812","0","0","17174","0","0","19430","0","0","109928","0","0","35536","0","0","6246","0","0","30758","0"
"10","88659925",".","A","G","E","","","c.530+42A>G","intron","","4","244402","0","1.64e-5","0","17054","0","0","9792","0","0","17098","0","0","18886","0","2","109230","0","0","35456","0","0","6212","0","2","30674","0"
"10","88659934",".","C","T","E","","","c.530+51C>T","intron","","1","240252","0","4.16e-6","0","16856","0","0","9744","0","0","16894","0","0","18046","0","1","106942","0","0","35186","0","0","6134","0","0","30450","0"
"10","88659934",".","CA","C","E","","","c.530+53delA","intron","","1","240252","0","4.16e-6","1","16856","0","0","9744","0","0","16894","0","0","18046","0","0","106942","0","0","35186","0","0","6134","0","0","30450","0"
"10","88671946","rs377723025","G","A","E G","","","c.531-51G>A","intron","","6","242258","0","2.48e-5","0","16580","0","0","9652","0","0","16764","0","0","22208","0","4","105814","0","1","34834","0","0","6134","0","1","30272","0"
"10","88671966",".","T","G","E","","","c.531-31T>G","intron","","1","250478","0","3.99e-6","0","17178","0","0","9830","0","0","17270","0","0","22500","0","1","111034","0","0","35528","0","0","6322","0","0","30816","0"
"10","88671968",".","A","G","E","","","c.531-29A>G","intron","","1","250862","0","3.99e-6","0","17224","0","0","9840","0","0","17282","0","0","22514","0","0","111248","0","0","35578","0","0","6330","0","1","30846","0"
"10","88671969",".","T","C","E","","","c.531-28T>C","intron","","6","251024","0","2.39e-5","0","17238","0","0","9842","0","0","17284","0","0","22522","0","0","111368","0","0","35586","0","0","6336","0","6","30848","0"
"10","88671969",".","T","G","E","","","c.531-28T>G","intron","","2","251024","0","7.97e-6","0","17238","0","0","9842","0","0","17284","0","0","22522","0","2","111368","0","0","35586","0","0","6336","0","0","30848","0"
"10","88671975","rs377132097","T","C","E G","","","c.531-22T>C","intron","","26","281830","0","9.23e-5","0","25826","0","0","10150","0","0","18920","0","1","26050","0","22","126232","0","1","36402","0","2","7376","0","0","30874","0"
"10","88671975","rs377132097","T","G","E","","","c.531-22T>G","intron","","1","251588","0","3.97e-6","0","17316","0","0","9858","0","0","17328","0","0","22538","0","0","111676","0","1","35640","0","0","6358","0","0","30874","0"
"10","88671980",".","T","C","E","","","c.531-17T>C","intron","","1","251788","0","3.97e-6","0","17334","0","0","9858","0","0","17338","0","0","22550","0","0","111786","0","0","35664","0","0","6368","0","1","30890","0"
"10","88671981",".","T","C","E","","","c.531-16T>C","intron","","2","251806","0","7.94e-6","0","17334","0","0","9860","0","0","17334","0","0","22550","0","2","111812","0","0","35664","0","0","6368","0","0","30884","0"
"10","88671998",".","CATT","C","E","p.Tyr179del","p.Tyr179del","c.536_538delATT","inframe deletion","","1","252112","0","3.97e-6","0","17356","0","0","9866","0","1","17342","0","0","22564","0","0","112024","0","0","35688","0","0","6380","0","0","30892","0"
"10","88672011",".","G","A","E","p.Ser182Asn","p.Ser182Asn","c.545G>A","missense","","1","252220","0","3.96e-6","0","17364","0","0","9868","0","0","17346","0","0","22568","0","0","112108","0","1","35690","0","0","6380","0","0","30896","0"
"10","88672015",".","C","T","E","p.Ile183Ile","p.Ile183Ile","c.549C>T","synonymous","","1","252256","0","3.96e-6","0","17366","0","0","9868","0","0","17346","0","0","22568","0","1","112140","0","0","35692","0","0","6380","0","0","30896","0"
"10","88672026","rs189059377","G","A","E","p.Arg187His","p.Arg187His","c.560G>A","missense","","2","252264","0","7.93e-6","1","17368","0","0","9866","0","1","17346","0","0","22566","0","0","112140","0","0","35694","0","0","6386","0","0","30898","0"
"10","88672029",".","G","A","E","p.Arg188His","p.Arg188His","c.563G>A","missense","","8","252280","0","3.17e-5","0","17366","0","0","9866","0","7","17346","0","0","22566","0","0","112158","0","0","35694","0","0","6386","0","1","30898","0"
"10","88672034",".","A","G","E","p.Asn190Asp","p.Asn190Asp","c.568A>G","missense","","4","252294","0","1.59e-5","0","17368","0","0","9866","0","0","17346","0","0","22568","0","0","112166","0","4","35696","0","0","6386","0","0","30898","0"
"10","88672035",".","A","G","E","p.Asn190Ser","p.Asn190Ser","c.569A>G","missense","","2","252302","0","7.93e-6","0","17368","0","0","9866","0","0","17346","0","0","22568","0","1","112174","0","1","35696","0","0","6386","0","0","30898","0"
"10","88672035",".","A","T","E","p.Asn190Ile","p.Asn190Ile","c.569A>T","missense","","1","252302","0","3.96e-6","0","17368","0","0","9866","0","0","17346","0","0","22568","0","0","112174","0","0","35696","0","0","6386","0","1","30898","0"
"10","88672038",".","G","A","E","p.Arg191His","p.Arg191His","c.572G>A","missense","","7","252286","0","2.77e-5","0","17366","0","0","9866","0","1","17346","0","0","22568","0","3","112160","0","0","35696","0","0","6386","0","3","30898","0"
"10","88672049","rs771910503","C","A","E G","p.Gln195Lys","p.Gln195Lys","c.583C>A","missense","","4","282548","0","1.42e-5","4","25874","0","0","10158","0","0","18940","0","0","26086","0","0","126736","0","0","36452","0","0","7404","0","0","30898","0"
"10","88672053","rs141608069","A","G","E G","p.Asp196Gly","p.Asp196Gly","c.587A>G","missense","","1","252304","0","3.96e-6","0","17368","0","0","9866","0","0","17346","0","0","22568","0","1","112180","0","0","35692","0","0","6386","0","0","30898","0"
"10","88672056",".","A","C","E","p.Glu197Ala","p.Glu197Ala","c.590A>C","missense","","2","252304","0","7.93e-6","0","17368","0","0","9866","0","0","17346","0","0","22568","0","2","112180","0","0","35694","0","0","6384","0","0","30898","0"
"10","88672059",".","C","A","E","p.Ala198Glu","p.Ala198Glu","c.593C>A","missense","","2","252296","0","7.93e-6","0","17368","0","0","9866","0","0","17346","0","0","22570","0","2","112168","0","0","35694","0","0","6386","0","0","30898","0"
"10","88672061",".","T","A","E","p.Phe199Ile","p.Phe199Ile","c.595T>A","missense","","1","252290","0","3.96e-6","0","17368","0","0","9866","0","0","17346","0","0","22568","0","0","112168","0","0","35692","0","0","6384","0","1","30898","0"
"10","88672074",".","G","A","E","p.Gly203Glu","p.Gly203Glu","c.608G>A","missense","","1","252282","0","3.96e-6","0","17368","0","0","9868","0","0","17348","0","0","22566","0","0","112154","0","1","35694","0","0","6386","0","0","30898","0"
"10","88672084","rs55992440","A","G","E G","p.Leu206Leu","p.Leu206Leu","c.618A>G","synonymous","","169","252294","1","6.7e-4","142","17370","1","0","9868","0","0","17348","0","0","22570","0","1","112158","0","25","35694","0","1","6386","0","0","30900","0"
"10","88672091",".","C","T","E","p.Leu209Phe","p.Leu209Phe","c.625C>T","missense","","1","252292","0","3.96e-6","0","17370","0","0","9868","0","0","17348","0","0","22572","0","0","112156","0","0","35692","0","1","6386","0","0","30900","0"
"10","88672094",".","A","G","E","p.Ile210Val","p.Ile210Val","c.628A>G","missense","","3","252286","0","1.19e-5","0","17370","0","0","9866","0","0","17348","0","0","22570","0","0","112158","0","0","35694","0","0","6382","0","3","30898","0"
"10","88672100",".","C","A","E","p.Gln212Lys","p.Gln212Lys","c.634C>A","missense","","1","252276","0","3.96e-6","0","17368","0","0","9868","0","0","17348","0","0","22572","0","1","112144","0","0","35696","0","0","6382","0","0","30898","0"
"10","88672100",".","C","G","E","p.Gln212Glu","p.Gln212Glu","c.634C>G","missense","","1","252276","0","3.96e-6","0","17368","0","0","9868","0","0","17348","0","0","22572","0","0","112144","0","1","35696","0","0","6382","0","0","30898","0"
"10","88672106",".","C","A","E","p.Gln214Lys","p.Gln214Lys","c.640C>A","missense","","1","252266","0","3.96e-6","0","17366","0","0","9868","0","0","17348","0","0","22572","0","1","112140","0","0","35692","0","0","6384","0","0","30896","0"
"10","88672115",".","G","T","E","p.Gly217Cys","p.Gly217Cys","c.649G>T","missense","","1","252286","0","3.96e-6","0","17368","0","0","9868","0","0","17348","0","0","22572","0","1","112148","0","0","35698","0","0","6386","0","0","30898","0"
"10","88672119",".","G","A","E","p.Ser218Asn","p.Ser218Asn","c.653G>A","missense","","1","252280","0","3.96e-6","0","17368","0","0","9868","0","0","17348","0","0","22572","0","1","112144","0","0","35698","0","0","6384","0","0","30898","0"
"10","88672119",".","G","C","E","p.Ser218Thr","p.Ser218Thr","c.653G>C","missense","","2","252280","0","7.93e-6","0","17368","0","0","9868","0","1","17348","0","0","22572","0","1","112144","0","0","35698","0","0","6384","0","0","30898","0"
"10","88672150",".","A","C","E","","","c.675+9A>C","intron","","1","252246","0","3.96e-6","0","17364","0","0","9866","0","0","17348","0","0","22566","0","1","112124","0","0","35694","0","0","6388","0","0","30896","0"
"10","88672150",".","A","G","E","","","c.675+9A>G","intron","","1","252246","0","3.96e-6","0","17364","0","0","9866","0","0","17348","0","0","22566","0","0","112124","0","0","35694","0","0","6388","0","1","30896","0"
"10","88672153","rs12267107","G","A","E G","","","c.675+12G>A","intron","","3986","282442","251","1.41e-2","3572","25856","248","0","10160","0","0","18944","0","0","26084","0","82","126648","1","274","36452","2","49","7402","0","9","30896","0"
"10","88672158",".","T","C","E","","","c.675+17T>C","intron","","1","252226","0","3.96e-6","0","17364","0","0","9864","0","0","17348","0","0","22568","0","1","112104","0","0","35694","0","0","6388","0","0","30896","0"
"10","88672159",".","A","G","E","","","c.675+18A>G","intron","","2","252210","0","7.93e-6","0","17364","0","0","9866","0","1","17348","0","0","22568","0","0","112086","0","0","35694","0","0","6386","0","1","30898","0"
"10","88672161",".","A","G","E","","","c.675+20A>G","intron","","1","252214","0","3.96e-6","0","17364","0","0","9866","0","0","17348","0","0","22568","0","0","112092","0","0","35692","0","0","6386","0","1","30898","0"
"10","88672165",".","A","G","E","","","c.675+24A>G","intron","","1","252200","0","3.97e-6","0","17362","0","0","9864","0","1","17348","0","0","22564","0","0","112086","0","0","35690","0","0","6388","0","0","30898","0"
"10","88672170",".","T","A","E","","","c.675+29T>A","intron","","2","252152","0","7.93e-6","0","17358","0","0","9864","0","0","17348","0","0","22566","0","2","112052","0","0","35688","0","0","6382","0","0","30894","0"
"10","88672171","rs376971349","G","A","E","","","c.675+30G>A","intron","","8","252094","0","3.17e-5","1","17356","0","0","9860","0","0","17348","0","0","22558","0","7","112016","0","0","35684","0","0","6382","0","0","30890","0"
"10","88672185",".","G","C","E","","","c.675+44G>C","intron","","4","251984","0","1.59e-5","0","17356","0","0","9852","0","0","17344","0","0","22554","0","4","111948","0","0","35676","0","0","6374","0","0","30880","0"
"10","88672188",".","T","C","E","","","c.675+47T>C","intron","","4","251928","0","1.59e-5","0","17350","0","0","9850","0","0","17342","0","0","22554","0","4","111918","0","0","35672","0","0","6370","0","0","30872","0"
"10","88672190",".","T","C","E","","","c.675+49T>C","intron","","1","251950","0","3.97e-6","0","17348","0","0","9850","0","0","17340","0","0","22552","0","1","111932","0","0","35676","0","0","6370","0","0","30882","0"
"10","88676848",".","T","C","E","","","c.676-43T>C","intron","","2","243716","0","8.21e-6","0","16564","0","0","9772","0","0","16632","0","0","22316","0","2","106936","0","0","35452","0","0","6206","0","0","29838","0"
"10","88676854","rs371281052","C","G","E","","","c.676-37C>G","intron","","36","246344","0","1.46e-4","0","16826","0","0","9812","0","0","16916","0","0","22406","0","0","108406","0","0","35532","0","0","6258","0","36","30188","0"
"10","88676855","rs568528755","A","G","E G","","","c.676-36A>G","intron","","13","277250","0","4.69e-5","0","25394","0","0","10110","0","0","18568","0","0","25942","0","0","123336","0","0","36348","0","1","7284","0","12","30268","0"
"10","88676857",".","C","T","E","","","c.676-34C>T","intron","","1","247490","0","4.04e-6","0","16942","0","0","9824","0","0","16980","0","0","22432","0","1","109116","0","0","35596","0","0","6274","0","0","30326","0"
"10","88676867",".","A","G","E","","","c.676-24A>G","intron","","1","250824","0","3.99e-6","0","17256","0","0","9862","0","0","17270","0","0","22526","0","1","111116","0","0","35686","0","0","6352","0","0","30756","0"
"10","88676869",".","C","T","E","","","c.676-22C>T","intron","","1","251146","0","3.98e-6","1","17294","0","0","9864","0","0","17284","0","0","22528","0","0","111328","0","0","35698","0","0","6360","0","0","30790","0"
"10","88676876",".","C","A","E","","","c.676-15C>A","intron","","1","251704","0","3.97e-6","0","17330","0","0","9866","0","0","17326","0","0","22542","0","1","111720","0","0","35700","0","0","6380","0","0","30840","0"
"10","88676879",".","T","C","G","","","c.676-12T>C","intron","","1","30250","0","3.31e-5","1","8506","0","0","292","0","0","1596","0","0","3516","0","0","14558","0","0","762","0","0","1020","0","0","0","0"
"10","88676885","rs186999445","A","C","E G","c.676-6A>C","","c.676-6A>C","splice region","","24","252114","0","9.52e-5","0","17358","0","3","9864","0","0","17344","0","0","22564","0","11","112002","0","6","35706","0","2","6388","0","2","30888","0"
"10","88676885","rs186999445","A","G","E","c.676-6A>G","","c.676-6A>G","splice region","","2","252114","0","7.93e-6","0","17358","0","0","9864","0","0","17344","0","0","22564","0","2","112002","0","0","35706","0","0","6388","0","0","30888","0"
"10","88676886","rs200537780","T","C","E G","c.676-5T>C","","c.676-5T>C","splice region","","565","252168","8","2.24e-3","0","17360","0","0","9868","0","0","17344","0","0","22568","0","7","112048","0","0","35706","0","3","6388","0","555","30886","8"
"10","88676887",".","A","G","E G","c.676-4A>G","","c.676-4A>G","splice region","","1","252178","0","3.97e-6","1","17366","0","0","9868","0","0","17344","0","0","22566","0","0","112048","0","0","35708","0","0","6388","0","0","30890","0"
"10","88676888",".","A","C","E","c.676-3A>C","","c.676-3A>C","splice region","","1","252214","0","3.96e-6","0","17366","0","0","9868","0","0","17344","0","0","22570","0","1","112080","0","0","35708","0","0","6390","0","0","30888","0"
"10","88676891",".","G","T","E","p.Val226Phe","p.Val226Phe","c.676G>T","missense","","7","252244","0","2.78e-5","0","17364","0","6","9868","0","0","17342","0","0","22568","0","1","112108","0","0","35708","0","0","6392","0","0","30894","0"
"10","88676897","rs587782682","C","A","E G","p.Arg228Arg","p.Arg228Arg","c.682C>A","synonymous","","9","252284","0","3.57e-5","0","17368","0","0","9868","0","0","17344","0","0","22566","0","8","112142","0","0","35708","0","1","6392","0","0","30896","0"
"10","88676898",".","G","A","E","p.Arg228Gln","p.Arg228Gln","c.683G>A","missense","","1","252306","0","3.96e-6","0","17366","0","0","9868","0","1","17344","0","0","22568","0","0","112164","0","0","35706","0","0","6392","0","0","30898","0"
"10","88676903",".","A","G","E","p.Ile230Val","p.Ile230Val","c.688A>G","missense","","2","252358","0","7.93e-6","2","17370","0","0","9868","0","0","17344","0","0","22570","0","0","112206","0","0","35710","0","0","6392","0","0","30898","0"
"10","88676906",".","G","A","E","p.Ala231Thr","p.Ala231Thr","c.691G>A","missense","","1","252352","0","3.96e-6","0","17370","0","0","9868","0","0","17344","0","0","22570","0","1","112204","0","0","35710","0","0","6390","0","0","30896","0"
"10","88676920",".","G","A","E","p.Gln235Gln","p.Gln235Gln","c.705G>A","synonymous","","1","252380","0","3.96e-6","0","17370","0","0","9868","0","0","17344","0","0","22572","0","0","112222","0","0","35710","0","0","6394","0","1","30900","0"
"10","88676921",".","A","G","E","p.Met236Val","p.Met236Val","c.706A>G","missense","","1","252388","0","3.96e-6","0","17368","0","0","9868","0","0","17344","0","0","22574","0","0","112230","0","0","35710","0","0","6394","0","1","30900","0"
"10","88676922",".","T","C","E","p.Met236Thr","p.Met236Thr","c.707T>C","missense","","1","252378","0","3.96e-6","0","17368","0","0","9868","0","0","17344","0","0","22574","0","0","112220","0","0","35710","0","0","6394","0","1","30900","0"
"10","88676927","rs747728399","C","G","E G","p.Arg238Gly","p.Arg238Gly","c.712C>G","missense","","6","252346","0","2.38e-5","0","17362","0","0","9868","0","0","17340","0","2","22572","0","2","112208","0","2","35710","0","0","6394","0","0","30892","0"
"10","88676927","rs747728399","C","T","E G","p.Arg238Trp","p.Arg238Trp","c.712C>T","missense","","5","252346","0","1.98e-5","0","17362","0","0","9868","0","0","17340","0","0","22572","0","5","112208","0","0","35710","0","0","6394","0","0","30892","0"
"10","88676928","rs191742018","G","A","E G","p.Arg238Gln","p.Arg238Gln","c.713G>A","missense","","24","252348","0","9.51e-5","1","17360","0","0","9868","0","20","17340","0","0","22572","0","3","112206","0","0","35710","0","0","6392","0","0","30900","0"
"10","88676933",".","G","A","E","p.Val240Ile","p.Val240Ile","c.718G>A","missense","","1","252382","0","3.96e-6","0","17364","0","0","9868","0","0","17342","0","0","22574","0","1","112228","0","0","35710","0","0","6396","0","0","30900","0"
"10","88676940",".","A","G","E","p.Lys242Arg","p.Lys242Arg","c.725A>G","missense","","4","252386","0","1.58e-5","0","17362","0","0","9868","0","0","17342","0","0","22574","0","0","112234","0","0","35710","0","0","6396","0","4","30900","0"
"10","88676944",".","C","G","E","p.Gly243Gly","p.Gly243Gly","c.729C>G","synonymous","","1","252360","0","3.96e-6","0","17358","0","0","9868","0","0","17342","0","0","22570","0","1","112220","0","0","35710","0","0","6392","0","0","30900","0"
"10","88676944",".","C","T","E","p.Gly243Gly","p.Gly243Gly","c.729C>T","synonymous","","5","252360","0","1.98e-5","0","17358","0","0","9868","0","5","17342","0","0","22570","0","0","112220","0","0","35710","0","0","6392","0","0","30900","0"
"10","88676945",".","C","G","E","p.Arg244Gly","p.Arg244Gly","c.730C>G","missense","","1","252340","0","3.96e-6","1","17364","0","0","9866","0","0","17338","0","0","22570","0","0","112202","0","0","35710","0","0","6392","0","0","30898","0"
"10","88676946","rs147971049","G","A","E","p.Arg244Gln","p.Arg244Gln","c.731G>A","missense","","2","252360","0","7.93e-6","0","17366","0","0","9866","0","0","17342","0","0","22572","0","2","112220","0","0","35706","0","0","6392","0","0","30896","0"
"10","88676963",".","A","T","E","p.Met250Leu","p.Met250Leu","c.748A>T","missense","","2","252348","0","7.93e-6","0","17368","0","0","9868","0","0","17340","0","0","22564","0","2","112212","0","0","35710","0","0","6388","0","0","30898","0"
"10","88676964",".","T","C","E","p.Met250Thr","p.Met250Thr","c.749T>C","missense","","10","252340","0","3.96e-5","0","17370","0","0","9864","0","0","17342","0","0","22566","0","0","112208","0","10","35710","0","0","6388","0","0","30892","0"
"10","88676966",".","G","T","E","p.Gly251Cys","p.Gly251Cys","c.751G>T","missense","","8","252336","0","3.17e-5","0","17370","0","0","9868","0","0","17342","0","0","22568","0","5","112206","0","3","35702","0","0","6386","0","0","30894","0"
"10","88676975",".","C","T","E","p.Arg254Cys","p.Arg254Cys","c.760C>T","missense","","14","252268","0","5.55e-5","0","17364","0","13","9868","0","0","17346","0","0","22558","0","1","112162","0","0","35698","0","0","6386","0","0","30886","0"
"10","88676976",".","G","A","E","p.Arg254His","p.Arg254His","c.761G>A","missense","","3","252310","0","1.19e-5","0","17366","0","0","9868","0","0","17344","0","0","22560","0","0","112196","0","0","35700","0","0","6386","0","3","30890","0"
"10","88676977","rs372569976","T","C","E G","p.Arg254Arg","p.Arg254Arg","c.762T>C","synonymous","","1","252310","0","3.96e-6","1","17364","0","0","9868","0","0","17340","0","0","22562","0","0","112198","0","0","35700","0","0","6386","0","0","30892","0"
"10","88676980","rs786201114","C","T","E G","p.Gly255Gly","p.Gly255Gly","c.765C>T","synonymous","","1","252254","0","3.96e-6","0","17362","0","0","9866","0","0","17340","0","0","22558","0","1","112160","0","0","35694","0","0","6386","0","0","30888","0"
"10","88676981",".","G","A","E","p.Glu256Lys","p.Glu256Lys","c.766G>A","missense","","2","252238","0","7.93e-6","0","17356","0","0","9862","0","0","17340","0","1","22554","0","1","112154","0","0","35694","0","0","6386","0","0","30892","0"
"10","88676983",".","A","G","E","p.Glu256Glu","p.Glu256Glu","c.768A>G","synonymous","","1","252270","0","3.96e-6","0","17360","0","0","9866","0","1","17338","0","0","22558","0","0","112170","0","0","35698","0","0","6386","0","0","30894","0"
"10","88676991",".","C","T","E","p.Ala259Val","p.Ala259Val","c.776C>T","missense","","1","249604","0","4.01e-6","0","17082","0","0","9782","0","0","17264","0","0","22068","0","0","110638","0","0","35622","0","1","6306","0","0","30842","0"
"10","88676992","rs56108371","G","A","E G","p.Ala259Ala","p.Ala259Ala","c.777G>A","synonymous","","216","251558","1","8.59e-4","75","17320","0","1","9848","0","80","17326","0","15","22452","0","25","111710","0","8","35664","0","4","6366","0","8","30872","0"
"10","88677006",".","T","C","E","p.Phe264Ser","p.Phe264Ser","c.791T>C","missense","","2","251916","0","7.94e-6","0","17308","0","0","9868","0","0","17334","0","0","22512","0","0","111972","0","0","35676","0","0","6370","0","2","30876","0"
"10","88677013",".","T","G","E","p.Thr266Thr","p.Thr266Thr","c.798T>G","synonymous","","1","252052","0","3.97e-6","0","17326","0","0","9868","0","0","17336","0","0","22530","0","0","112044","0","1","35682","0","0","6380","0","0","30886","0"
"10","88677033",".","G","A","E","p.Arg273Gln","p.Arg273Gln","c.818G>A","missense","","2","252280","0","7.93e-6","0","17358","0","0","9868","0","0","17344","0","0","22564","0","0","112186","0","2","35696","0","0","6388","0","0","30876","0"
"10","88677049",".","C","T","E","p.Tyr278Tyr","p.Tyr278Tyr","c.834C>T","synonymous","","1","252362","0","3.96e-6","0","17366","0","0","9868","0","0","17346","0","0","22570","0","0","112236","0","1","35696","0","0","6392","0","0","30888","0"
"10","88677051",".","A","C","E","p.Gln279Pro","p.Gln279Pro","c.836A>C","missense","","1","252376","0","3.96e-6","0","17364","0","0","9868","0","0","17346","0","0","22570","0","0","112242","0","0","35706","0","0","6394","0","1","30886","0"
"10","88677054",".","C","G","E","p.Thr280Ser","p.Thr280Ser","c.839C>G","missense","","1","252372","0","3.96e-6","0","17366","0","0","9866","0","0","17346","0","0","22570","0","1","112238","0","0","35708","0","0","6392","0","0","30886","0"
"10","88677060",".","T","C","E","p.Leu282Pro","p.Leu282Pro","c.845T>C","missense","","1","252364","0","3.96e-6","0","17368","0","0","9864","0","0","17346","0","1","22570","0","0","112236","0","0","35706","0","0","6390","0","0","30884","0"
"10","88677065",".","C","G","E","p.Arg284Gly","p.Arg284Gly","c.850C>G","missense","","1","252308","0","3.96e-6","0","17364","0","0","9864","0","0","17346","0","0","22570","0","1","112204","0","0","35696","0","0","6390","0","0","30874","0"
"10","88677065",".","C","T","E","p.Arg284Cys","p.Arg284Cys","c.850C>T","missense","","2","252308","0","7.93e-6","0","17364","0","0","9864","0","0","17346","0","0","22570","0","1","112204","0","1","35696","0","0","6390","0","0","30874","0"
"10","88677068",".","C","A","E","p.His285Asn","p.His285Asn","c.853C>A","missense","","1","252328","0","3.96e-6","0","17366","0","0","9864","0","0","17346","0","1","22568","0","0","112224","0","0","35692","0","0","6390","0","0","30878","0"
"10","88677074",".","A","T","E","p.Asn287Tyr","p.Asn287Tyr","c.859A>T","missense","","2","252350","0","7.93e-6","0","17366","0","0","9866","0","0","17344","0","0","22570","0","2","112228","0","0","35700","0","0","6392","0","0","30884","0"
"10","88677086",".","G","A","E","c.868+3G>A","","c.868+3G>A","splice region","","1","252292","0","3.96e-6","0","17354","0","0","9866","0","0","17342","0","0","22570","0","0","112212","0","0","35698","0","0","6388","0","1","30862","0"
"10","88677086",".","G","C","E","c.868+3G>C","","c.868+3G>C","splice region","","1","252292","0","3.96e-6","0","17354","0","0","9866","0","0","17342","0","0","22570","0","0","112212","0","1","35698","0","0","6388","0","0","30862","0"
"10","88677092",".","A","G","E","","","c.868+9A>G","intron","","2","252198","0","7.93e-6","0","17346","0","0","9862","0","0","17342","0","0","22562","0","0","112170","0","2","35690","0","0","6384","0","0","30842","0"
"10","88677105",".","C","A","E","","","c.868+22C>A","intron","","1","251722","0","3.97e-6","0","17298","0","0","9862","0","0","17332","0","0","22540","0","1","111936","0","0","35630","0","0","6378","0","0","30746","0"
"10","88677106",".","A","G","E","","","c.868+23A>G","intron","","67","251788","0","2.66e-4","0","17300","0","0","9864","0","0","17336","0","0","22544","0","2","111976","0","0","35642","0","1","6384","0","64","30742","0"
"10","88677108",".","T","C","E","","","c.868+25T>C","intron","","10","251644","1","3.97e-5","0","17280","0","0","9860","0","0","17330","0","0","22544","0","0","111918","0","10","35622","1","0","6380","0","0","30710","0"
"10","88677114",".","T","C","E","","","c.868+31T>C","intron","","1","251042","0","3.98e-6","0","17250","0","0","9840","0","0","17302","0","0","22528","0","1","111610","0","0","35566","0","0","6370","0","0","30576","0"
"10","88677129",".","T","TGA","E","","","c.868+48_868+49dupAG","intron","","4","246738","0","1.62e-5","0","16930","0","0","9718","0","0","17082","0","0","22320","0","0","109300","0","4","35128","0","0","6268","0","0","29992","0"
"10","88678886",".","A","C","E","","","c.869-43A>C","intron","","2","249724","0","8.01e-6","0","17220","0","0","9850","0","0","17346","0","0","22568","0","1","109774","0","0","35708","0","1","6360","0","0","30898","0"
"10","88678886","rs748882022","A","G","E G","","","c.869-43A>G","intron","","11","279958","0","3.93e-5","0","25726","0","0","10142","0","0","18940","0","0","26082","0","11","124324","0","0","36470","0","0","7376","0","0","30898","0"
"10","88678902","rs778248460","A","G","E G","","","c.869-27A>G","intron","","1","30260","0","3.3e-5","1","8512","0","0","292","0","0","1596","0","0","3516","0","0","14562","0","0","762","0","0","1020","0","0","0","0"
"10","88678915",".","C","T","E","","","c.869-14C>T","intron","","2","251016","0","7.97e-6","1","17328","0","0","9860","0","0","17346","0","0","22574","0","1","110920","0","0","35712","0","0","6376","0","0","30900","0"
"10","88678924",".","G","A","E","c.869-5G>A","","c.869-5G>A","splice region","","1","251356","0","3.98e-6","0","17352","0","0","9860","0","0","17346","0","0","22574","0","1","111232","0","0","35712","0","0","6380","0","0","30900","0"
"10","88678934",".","A","G","E","p.Ile292Val","p.Ile292Val","c.874A>G","missense","","1","251732","0","3.97e-6","0","17368","0","0","9866","0","1","17346","0","0","22574","0","0","111584","0","0","35712","0","0","6382","0","0","30900","0"
"10","88678939","rs770203548","G","A","E G","p.Ala293Ala","p.Ala293Ala","c.879G>A","synonymous","","6","282050","0","2.13e-5","4","25872","0","0","10158","0","0","18944","0","0","26090","0","2","126214","0","0","36470","0","0","7402","0","0","30900","0"
"10","88678957",".","A","T","E","p.Thr299Thr","p.Thr299Thr","c.897A>T","synonymous","","1","251908","0","3.97e-6","0","17370","0","0","9868","0","0","17348","0","0","22574","0","1","111750","0","0","35712","0","0","6386","0","0","30900","0"
"10","88678958",".","G","A","E","p.Gly300Ser","p.Gly300Ser","c.898G>A","missense","","4","251896","0","1.59e-5","0","17370","0","0","9868","0","0","17348","0","0","22574","0","4","111738","0","0","35712","0","0","6386","0","0","30900","0"
"10","88678958",".","G","C","E","p.Gly300Arg","p.Gly300Arg","c.898G>C","missense","","1","251896","0","3.97e-6","0","17370","0","0","9868","0","0","17348","0","0","22574","0","0","111738","0","1","35712","0","0","6386","0","0","30900","0"
"10","88678977",".","A","G","E","p.Tyr306Cys","p.Tyr306Cys","c.917A>G","missense","","1","252008","0","3.97e-6","0","17338","0","0","9870","0","0","17348","0","0","22574","0","1","111882","0","0","35712","0","0","6384","0","0","30900","0"
"10","88678987",".","T","C","E","p.Thr309Thr","p.Thr309Thr","c.927T>C","synonymous","","1","251938","0","3.97e-6","0","17302","0","0","9862","0","0","17348","0","0","22574","0","1","111860","0","0","35712","0","0","6380","0","0","30900","0"
"10","88679003",".","G","A","E","p.Gly315Arg","p.Gly315Arg","c.943G>A","missense","","3","252020","0","1.19e-5","0","17328","0","0","9866","0","0","17348","0","0","22574","0","3","111908","0","0","35712","0","0","6384","0","0","30900","0"
"10","88679003",".","G","T","E","p.Gly315Ter","p.Gly315Ter","c.943G>T","stop gained","","1","252020","0","3.97e-6","0","17328","0","0","9866","0","0","17348","0","0","22574","0","1","111908","0","0","35712","0","0","6384","0","0","30900","0"
"10","88679013","rs587778111","A","C","E G","p.Tyr318Ser","p.Tyr318Ser","c.953A>C","missense","","1","252068","0","3.97e-6","0","17338","0","0","9868","0","0","17348","0","0","22574","0","0","111940","0","1","35712","0","0","6388","0","0","30900","0"
"10","88679013","rs587778111","A","G","E G","p.Tyr318Cys","p.Tyr318Cys","c.953A>G","missense","","6","252068","0","2.38e-5","0","17338","0","1","9868","0","0","17348","0","0","22574","0","1","111940","0","3","35712","0","1","6388","0","0","30900","0"
"10","88679021","rs377412651","C","T","E G","p.Leu321Leu","p.Leu321Leu","c.961C>T","synonymous","","55","252112","0","2.18e-4","0","17360","0","15","9870","0","0","17348","0","0","22574","0","11","111960","0","27","35712","0","2","6388","0","0","30900","0"
"10","88679024",".","A","C","E","p.Lys322Gln","p.Lys322Gln","c.964A>C","missense","","1","252112","0","3.97e-6","0","17362","0","0","9870","0","0","17348","0","0","22574","0","0","111958","0","1","35712","0","0","6388","0","0","30900","0"
"10","88679040",".","A","G","E","p.Asp327Gly","p.Asp327Gly","c.980A>G","missense","","1","252116","0","3.97e-6","0","17368","0","0","9868","0","0","17348","0","0","22574","0","1","111958","0","0","35712","0","0","6388","0","0","30900","0"
"10","88679047",".","A","C","E","p.Arg329Ser","p.Arg329Ser","c.987A>C","missense","","1","252118","0","3.97e-6","0","17370","0","0","9870","0","0","17348","0","0","22574","0","0","111956","0","0","35712","0","0","6388","0","1","30900","0"
"10","88679047",".","A","G","E","p.Arg329Arg","p.Arg329Arg","c.987A>G","synonymous","","1","252118","0","3.97e-6","0","17370","0","0","9870","0","0","17348","0","0","22574","0","0","111956","0","1","35712","0","0","6388","0","0","30900","0"
"10","88679049",".","C","T","E","p.Ala330Val","p.Ala330Val","c.989C>T","missense","","1","252120","0","3.97e-6","0","17370","0","1","9870","0","0","17348","0","0","22574","0","0","111958","0","0","35712","0","0","6388","0","0","30900","0"
"10","88679055",".","T","C","E G","p.Leu332Pro","p.Leu332Pro","c.995T>C","missense","","1","252122","0","3.97e-6","0","17370","0","0","9870","0","0","17348","0","0","22574","0","1","111960","0","0","35712","0","0","6388","0","0","30900","0"
"10","88679059",".","A","T","E","p.Lys333Asn","p.Lys333Asn","c.999A>T","missense","","1","252122","0","3.97e-6","0","17370","0","0","9870","0","0","17348","0","0","22574","0","1","111960","0","0","35712","0","0","6388","0","0","30900","0"
"10","88679060",".","T","A","E","p.Leu334Met","p.Leu334Met","c.1000T>A","missense","","1","252120","0","3.97e-6","0","17370","0","0","9870","0","0","17348","0","0","22574","0","1","111958","0","0","35712","0","0","6388","0","0","30900","0"
"10","88679077",".","C","G","E","p.Ala339Ala","p.Ala339Ala","c.1017C>G","synonymous","","6","252064","0","2.38e-5","0","17342","0","0","9870","0","0","17348","0","0","22574","0","0","111932","0","5","35712","0","1","6386","0","0","30900","0"
"10","88679086",".","G","T","E","p.Leu342Leu","p.Leu342Leu","c.1026G>T","synonymous","","1","252062","0","3.97e-6","0","17346","0","0","9866","0","0","17348","0","0","22574","0","1","111930","0","0","35712","0","0","6386","0","0","30900","0"
"10","88679104",".","A","T","E","p.Glu348Asp","p.Glu348Asp","c.1044A>T","missense","","1","252076","0","3.97e-6","0","17354","0","0","9868","0","0","17348","0","1","22574","0","0","111934","0","0","35712","0","0","6386","0","0","30900","0"
"10","88679108",".","T","C","E","p.Tyr350His","p.Tyr350His","c.1048T>C","missense","","5","252072","0","1.98e-5","0","17348","0","0","9870","0","4","17348","0","0","22574","0","1","111934","0","0","35712","0","0","6386","0","0","30900","0"
"10","88679116",".","C","G","E","p.Thr352Thr","p.Thr352Thr","c.1056C>G","synonymous","","1","252054","0","3.97e-6","0","17346","0","1","9868","0","0","17348","0","0","22574","0","0","111922","0","0","35710","0","0","6386","0","0","30900","0"
"10","88679119",".","A","G","E","p.Gln353Gln","p.Gln353Gln","c.1059A>G","synonymous","","2","252052","0","7.93e-6","0","17350","0","0","9866","0","0","17348","0","0","22572","0","0","111922","0","2","35710","0","0","6384","0","0","30900","0"
"10","88679121",".","G","C","E","p.Gly354Ala","p.Gly354Ala","c.1061G>C","missense","","1","252056","0","3.97e-6","0","17348","0","0","9868","0","1","17348","0","0","22572","0","0","111924","0","0","35710","0","0","6386","0","0","30900","0"
"10","88679126","rs774555805","C","T","E G","p.Pro356Ser","p.Pro356Ser","c.1066C>T","missense","","1","252038","0","3.97e-6","1","17346","0","0","9868","0","0","17348","0","0","22572","0","0","111906","0","0","35712","0","0","6386","0","0","30900","0"
"10","88679128",".","C","T","E","p.Pro356Pro","p.Pro356Pro","c.1068C>T","synonymous","","5","252028","0","1.98e-5","0","17344","0","0","9868","0","0","17348","0","0","22570","0","4","111902","0","1","35712","0","0","6386","0","0","30898","0"
"10","88679129","rs201509164","G","A","E G","p.Ala357Thr","p.Ala357Thr","c.1069G>A","missense","","3","252000","0","1.19e-5","0","17338","0","0","9870","0","0","17346","0","2","22572","0","1","111894","0","0","35710","0","0","6382","0","0","30888","0"
"10","88679129","rs201509164","G","T","E","p.Ala357Ser","p.Ala357Ser","c.1069G>T","missense","","1","252000","0","3.97e-6","0","17338","0","0","9870","0","0","17346","0","0","22572","0","1","111894","0","0","35710","0","0","6382","0","0","30888","0"
"10","88679141",".","C","T","E","p.Arg361Ter","p.Arg361Ter","c.1081C>T","stop gained","","1","251998","0","3.97e-6","1","17346","0","0","9870","0","0","17346","0","0","22572","0","0","111876","0","0","35708","0","0","6382","0","0","30898","0"
"10","88679146","rs201415408","C","T","E","p.Asp362Asp","p.Asp362Asp","c.1086C>T","synonymous","","9","252020","0","3.57e-5","0","17356","0","0","9870","0","0","17348","0","5","22570","0","4","111884","0","0","35710","0","0","6384","0","0","30898","0"
"10","88679167",".","C","T","E","p.Leu369Leu","p.Leu369Leu","c.1107C>T","synonymous","","1","252038","0","3.97e-6","0","17364","0","0","9868","0","0","17348","0","0","22570","0","1","111890","0","0","35710","0","0","6388","0","0","30900","0"
"10","88679179",".","T","C","E","p.Asn373Asn","p.Asn373Asn","c.1119T>C","synonymous","","1","252012","0","3.97e-6","0","17358","0","0","9868","0","0","17348","0","0","22572","0","1","111870","0","0","35710","0","0","6386","0","0","30900","0"
"10","88679200","rs35572415","C","T","E G","p.Asp380Asp","p.Asp380Asp","c.1140C>T","synonymous","","3675","251958","36","1.46e-2","57","17364","0","144","9868","2","0","17348","0","140","22574","0","2470","111810","25","499","35708","3","114","6386","0","251","30900","3"
"10","88679224",".","C","T","E","c.1164C>T","p.Asn388Asn","c.1164C>T","splice region","","1","252010","0","3.97e-6","0","17366","0","0","9868","0","1","17348","0","0","22574","0","0","111858","0","0","35710","0","0","6386","0","0","30900","0"
"10","88679228",".","T","C","E","c.1166+2T>C","","c.1166+2T>C","splice donor","","1","252010","0","3.97e-6","0","17364","0","0","9868","0","1","17348","0","0","22574","0","0","111860","0","0","35710","0","0","6386","0","0","30900","0"
"10","88679238",".","T","C","E","","","c.1166+12T>C","intron","","1","251948","0","3.97e-6","1","17362","0","0","9866","0","0","17348","0","0","22574","0","0","111806","0","0","35710","0","0","6386","0","0","30896","0"
"10","88679242",".","C","A","E","","","c.1166+16C>A","intron","","1","251834","0","3.97e-6","0","17356","0","0","9866","0","0","17348","0","0","22574","0","1","111702","0","0","35708","0","0","6382","0","0","30898","0"
"10","88679247",".","C","T","E","","","c.1166+21C>T","intron","","4","251684","0","1.59e-5","0","17350","0","0","9862","0","0","17348","0","0","22574","0","0","111562","0","0","35708","0","0","6384","0","4","30896","0"
"10","88679248","rs754940959","T","G","E G","","","c.1166+22T>G","intron","","4","281866","0","1.42e-5","0","25854","0","0","10154","0","4","18944","0","0","26090","0","0","126066","0","0","36468","0","0","7398","0","0","30892","0"
"10","88679249",".","G","C","E","","","c.1166+23G>C","intron","","1","251592","0","3.97e-6","0","17346","0","0","9862","0","0","17348","0","0","22574","0","1","111484","0","0","35708","0","0","6378","0","0","30892","0"
"10","88679252",".","T","C","E","","","c.1166+26T>C","intron","","1","251292","0","3.98e-6","0","17338","0","0","9854","0","0","17344","0","0","22572","0","0","111218","0","1","35706","0","0","6378","0","0","30882","0"
"10","88679257","rs747890322","A","G","E G","","","c.1166+31A>G","intron","","3","281178","0","1.07e-5","3","25830","0","0","10144","0","0","18930","0","0","26082","0","0","125478","0","0","36462","0","0","7394","0","0","30858","0"
"10","88679270",".","C","T","E","","","c.1166+44C>T","intron","","1","249648","0","4.01e-6","0","17252","0","1","9826","0","0","17280","0","0","22546","0","0","110008","0","0","35632","0","0","6342","0","0","30762","0"
"10","88679273",".","A","G","E","","","c.1166+47A>G","intron","","2","249408","0","8.02e-6","0","17238","0","0","9828","0","0","17264","0","0","22544","0","2","109846","0","0","35618","0","0","6344","0","0","30726","0"
"10","88679277",".","A","G","E","","","c.1166+51A>G","intron","","1","248498","0","4.02e-6","0","17154","0","0","9808","0","1","17224","0","0","22512","0","0","109260","0","0","35560","0","0","6322","0","0","30658","0"
"10","88679277","rs746035342","ATATTTCCCTATTTG","A","E G","","","c.1166+56_1166+69delTCCCTATTTGTATT","intron","","2","278758","0","7.17e-6","0","25666","0","0","10100","0","0","18820","0","0","26028","0","2","123822","0","0","36322","0","0","7342","0","0","30658","0"
"10","88681227","rs191179036","C","A","E","","","c.1167-50C>A","intron","","34","250554","0","1.36e-4","0","17218","0","0","9856","0","0","17300","0","0","22564","0","0","110700","0","34","35674","0","0","6350","0","0","30892","0"
"10","88681229",".","A","G","E","","","c.1167-48A>G","intron","","11","250762","0","4.39e-5","0","17248","0","0","9860","0","0","17316","0","0","22562","0","5","110840","0","5","35686","0","0","6354","0","1","30896","0"
"10","88681246","rs769122446","C","T","E G","","","c.1167-31C>T","intron","","6","282028","0","2.13e-5","0","25848","0","0","10154","0","0","18940","0","5","26088","0","1","126230","0","0","36468","0","0","7402","0","0","30898","0"
"10","88681248",".","A","G","E","","","c.1167-29A>G","intron","","10","251886","1","3.97e-5","0","17352","0","0","9862","0","0","17346","0","0","22574","0","0","111762","0","0","35706","0","0","6386","0","10","30898","1"
"10","88681249",".","C","T","E","","","c.1167-28C>T","intron","","1","251888","0","3.97e-6","0","17352","0","0","9862","0","0","17348","0","0","22574","0","1","111762","0","0","35706","0","0","6386","0","0","30898","0"
"10","88681255",".","C","T","E","","","c.1167-22C>T","intron","","1","251952","0","3.97e-6","0","17362","0","0","9868","0","1","17348","0","0","22574","0","0","111806","0","0","35708","0","0","6386","0","0","30900","0"
"10","88681259",".","G","A","E","","","c.1167-18G>A","intron","","1","252064","0","3.97e-6","0","17366","0","0","9868","0","0","17348","0","0","22574","0","1","111914","0","0","35706","0","0","6388","0","0","30900","0"
"10","88681259",".","G","C","E","","","c.1167-18G>C","intron","","1","252064","0","3.97e-6","1","17366","0","0","9868","0","0","17348","0","0","22574","0","0","111914","0","0","35706","0","0","6388","0","0","30900","0"
"10","88681266",".","T","C","E","","","c.1167-11T>C","intron","","2","252146","0","7.93e-6","0","17362","0","0","9868","0","0","17346","0","0","22574","0","2","111998","0","0","35710","0","0","6390","0","0","30898","0"
"10","88681301",".","C","G","E","p.Pro397Pro","p.Pro397Pro","c.1191C>G","synonymous","","10","252346","0","3.96e-5","0","17370","0","0","9870","0","2","17348","0","0","22572","0","8","112182","0","0","35712","0","0","6392","0","0","30900","0"
"10","88681314",".","G","A","E","p.Val402Met","p.Val402Met","c.1204G>A","missense","","2","252378","0","7.92e-6","0","17370","0","0","9870","0","0","17348","0","0","22572","0","1","112214","0","0","35712","0","1","6392","0","0","30900","0"
"10","88681325",".","A","C","E","p.Lys405Asn","p.Lys405Asn","c.1215A>C","missense","","2","252394","0","7.92e-6","0","17370","0","0","9870","0","0","17348","0","0","22574","0","2","112228","0","0","35712","0","0","6392","0","0","30900","0"
"10","88681325",".","A","G","E","p.Lys405Lys","p.Lys405Lys","c.1215A>G","synonymous","","1","252394","0","3.96e-6","0","17370","0","0","9870","0","1","17348","0","0","22574","0","0","112228","0","0","35712","0","0","6392","0","0","30900","0"
"10","88681326","rs587781332","C","T","E G","p.Arg406Cys","p.Arg406Cys","c.1216C>T","missense","","22","282642","0","7.78e-5","0","25878","0","0","10162","0","0","18944","0","19","26092","0","2","126780","0","0","36474","0","1","7412","0","0","30900","0"
"10","88681328",".","C","A","E","p.Arg406Arg","p.Arg406Arg","c.1218C>A","synonymous","","1","252396","0","3.96e-6","0","17370","0","0","9870","0","0","17348","0","0","22574","0","0","112230","0","1","35712","0","0","6392","0","0","30900","0"
"10","88681340","rs200642188","C","T","E G","p.Pro410Pro","p.Pro410Pro","c.1230C>T","synonymous","","2","252398","0","7.92e-6","0","17370","0","0","9870","0","1","17348","0","0","22574","0","1","112230","0","0","35712","0","0","6394","0","0","30900","0"
"10","88681345","rs576247658","T","C","E G","p.Val412Ala","p.Val412Ala","c.1235T>C","missense","","12","282656","0","4.25e-5","10","25872","0","0","10162","0","0","18942","0","0","26090","0","0","126802","0","2","36474","0","0","7414","0","0","30900","0"
"10","88681352",".","C","T","E","p.Asp414Asp","p.Asp414Asp","c.1242C>T","synonymous","","2","252410","0","7.92e-6","0","17370","0","0","9870","0","0","17348","0","0","22574","0","1","112242","0","0","35712","0","0","6394","0","1","30900","0"
"10","88681353","rs140592056","G","A","E G","p.Glu415Lys","p.Glu415Lys","c.1243G>A","missense","","218","252414","1","8.64e-4","1","17370","0","163","9870","1","1","17348","0","0","22572","0","28","112248","0","14","35712","0","9","6394","0","2","30900","0"
"10","88681355",".","A","C","E","p.Glu415Asp","p.Glu415Asp","c.1245A>C","missense","","1","252422","0","3.96e-6","0","17370","0","0","9870","0","0","17348","0","0","22574","0","1","112252","0","0","35712","0","0","6396","0","0","30900","0"
"10","88681379",".","G","T","E","p.Gln423His","p.Gln423His","c.1269G>T","missense","","1","252432","0","3.96e-6","0","17370","0","0","9870","0","1","17348","0","0","22574","0","0","112262","0","0","35712","0","0","6396","0","0","30900","0"
"10","88681380","rs201362537","C","T","E","p.Pro424Ser","p.Pro424Ser","c.1270C>T","missense","","1","252430","0","3.96e-6","0","17370","0","0","9870","0","0","17348","0","0","22574","0","0","112260","0","1","35712","0","0","6396","0","0","30900","0"
"10","88681384",".","A","T","E","p.Tyr425Phe","p.Tyr425Phe","c.1274A>T","missense","","4","252432","0","1.58e-5","0","17370","0","0","9870","0","0","17348","0","0","22574","0","4","112262","0","0","35712","0","0","6396","0","0","30900","0"
"10","88681389",".","A","G","E","p.Met427Val","p.Met427Val","c.1279A>G","missense","","1","252432","0","3.96e-6","0","17370","0","0","9870","0","0","17348","0","1","22574","0","0","112262","0","0","35712","0","0","6396","0","0","30900","0"
"10","88681391",".","G","A","E","p.Met427Ile","p.Met427Ile","c.1281G>A","missense","","1","252432","0","3.96e-6","0","17370","0","0","9870","0","0","17348","0","0","22574","0","0","112262","0","1","35712","0","0","6396","0","0","30900","0"
"10","88681397",".","C","T","E","p.Asp429Asp","p.Asp429Asp","c.1287C>T","synonymous","","1","252432","0","3.96e-6","0","17370","0","0","9870","0","0","17348","0","0","22574","0","1","112262","0","0","35712","0","0","6396","0","0","30900","0"
"10","88681406",".","C","T","E G","p.Ser432Ser","p.Ser432Ser","c.1296C>T","synonymous","","2","282688","0","7.07e-6","0","25878","0","0","10162","0","0","18944","0","0","26092","0","2","126826","0","0","36472","0","0","7414","0","0","30900","0"
"10","88681409","rs150946485","C","T","E G","p.Phe433Phe","p.Phe433Phe","c.1299C>T","synonymous","","169","282692","1","5.98e-4","141","25878","1","0","10162","0","0","18944","0","0","26090","0","4","126828","0","23","36474","0","0","7416","0","1","30900","0"
"10","88681410","rs587780108","G","A","E G","p.Gly434Ser","p.Gly434Ser","c.1300G>A","missense","","2","282696","0","7.07e-6","0","25880","0","0","10162","0","0","18942","0","0","26092","0","1","126830","0","0","36474","0","0","7416","0","1","30900","0"
"10","88681419",".","A","G","E","p.Ile437Val","p.Ile437Val","c.1309A>G","missense","","1","252432","0","3.96e-6","0","17370","0","0","9870","0","0","17348","0","0","22574","0","0","112262","0","0","35712","0","0","6396","0","1","30900","0"
"10","88681421",".","T","C","E","p.Ile437Ile","p.Ile437Ile","c.1311T>C","synonymous","","1","252432","0","3.96e-6","0","17370","0","0","9870","0","0","17348","0","0","22574","0","1","112262","0","0","35712","0","0","6396","0","0","30900","0"
"10","88681434","rs587782496","C","T","E G","p.Arg442Cys","p.Arg442Cys","c.1324C>T","missense","","1","252430","0","3.96e-6","1","17370","0","0","9870","0","0","17348","0","0","22572","0","0","112262","0","0","35712","0","0","6396","0","0","30900","0"
"10","88681437","rs35619497","C","T","E G","p.Arg443Cys","p.Arg443Cys","c.1327C>T","missense","","171","252428","1","6.77e-4","3","17370","0","0","9870","0","0","17348","0","2","22574","0","98","112260","0","64","35712","1","4","6396","0","0","30898","0"
"10","88681440",".","T","C","E","p.Cys444Arg","p.Cys444Arg","c.1330T>C","missense","","1","252432","0","3.96e-6","0","17370","0","0","9870","0","0","17348","0","0","22574","0","1","112262","0","0","35712","0","0","6396","0","0","30900","0"
"10","88681443",".","A","G","E","p.Ile445Val","p.Ile445Val","c.1333A>G","missense","","6","252430","0","2.38e-5","0","17370","0","0","9870","0","0","17348","0","0","22574","0","0","112260","0","6","35712","0","0","6396","0","0","30900","0"
"10","88681458","rs55763614","A","C","E","c.1342+6A>C","","c.1342+6A>C","splice region","","1","252426","0","3.96e-6","0","17370","0","0","9870","0","0","17348","0","1","22574","0","0","112258","0","0","35712","0","0","6396","0","0","30898","0"
"10","88681458","rs55763614","A","G","E G","c.1342+6A>G","","c.1342+6A>G","splice region","","2262","282682","78","8e-3","2095","25878","78","0","10162","0","0","18944","0","0","26092","0","20","126822","0","122","36472","0","22","7414","0","3","30898","0"
"10","88681463",".","G","A","E","","","c.1342+11G>A","intron","","5","252428","0","1.98e-5","0","17370","0","0","9870","0","0","17348","0","0","22574","0","0","112260","0","0","35712","0","0","6396","0","5","30898","0"
"10","88681475","rs368711479","A","C","E G","","","c.1342+23A>C","intron","","3","252412","0","1.19e-5","0","17370","0","0","9870","0","0","17348","0","0","22574","0","3","112250","0","0","35708","0","0","6394","0","0","30898","0"
"10","88681475",".","AT","A","E","","","c.1342+25delT","intron","","1","252412","0","3.96e-6","0","17370","0","0","9870","0","1","17348","0","0","22574","0","0","112250","0","0","35708","0","0","6394","0","0","30898","0"
"10","88681478",".","A","G","E","","","c.1342+26A>G","intron","","1","252392","0","3.96e-6","0","17370","0","0","9870","0","0","17348","0","0","22574","0","1","112236","0","0","35702","0","0","6394","0","0","30898","0"
"10","88681478",".","A","T","E","","","c.1342+26A>T","intron","","1","252392","0","3.96e-6","1","17370","0","0","9870","0","0","17348","0","0","22574","0","0","112236","0","0","35702","0","0","6394","0","0","30898","0"
"10","88681480",".","G","A","E","","","c.1342+28G>A","intron","","1","252398","0","3.96e-6","0","17370","0","0","9870","0","0","17348","0","0","22574","0","0","112240","0","0","35704","0","0","6394","0","1","30898","0"
"10","88681480","rs758687600","G","C","G","","","c.1342+28G>C","intron","","1","30250","0","3.31e-5","0","8510","0","0","292","0","0","1594","0","0","3512","0","0","14560","0","0","762","0","1","1020","0","0","0","0"
"10","88681482",".","T","A","E","","","c.1342+30T>A","intron","","1","252380","0","3.96e-6","0","17370","0","0","9870","0","1","17346","0","0","22574","0","0","112228","0","0","35702","0","0","6394","0","0","30896","0"
"10","88681483",".","G","A","E","","","c.1342+31G>A","intron","","2","252378","0","7.92e-6","2","17370","0","0","9870","0","0","17346","0","0","22574","0","0","112226","0","0","35702","0","0","6394","0","0","30896","0"
"10","88681484",".","A","T","E","","","c.1342+32A>T","intron","","5","252368","0","1.98e-5","0","17364","0","0","9870","0","0","17346","0","0","22574","0","0","112226","0","5","35700","0","0","6394","0","0","30894","0"
"10","88681491",".","C","T","E","","","c.1342+39C>T","intron","","3","252280","0","1.19e-5","0","17354","0","0","9870","0","0","17342","0","0","22572","0","0","112168","0","3","35696","0","0","6388","0","0","30890","0"
"10","88681493",".","T","G","E","","","c.1342+41T>G","intron","","1","252282","0","3.96e-6","0","17348","0","0","9870","0","1","17338","0","0","22572","0","0","112178","0","0","35690","0","0","6390","0","0","30896","0"
"10","88683088",".","G","T","E","","","c.1343-45G>T","intron","","12","252330","0","4.76e-5","0","17368","0","0","9870","0","0","17344","0","0","22558","0","11","112200","0","1","35702","0","0","6392","0","0","30896","0"
"10","88683096",".","A","T","E","","","c.1343-37A>T","intron","","1","252380","0","3.96e-6","0","17370","0","0","9870","0","0","17348","0","0","22568","0","0","112224","0","0","35708","0","0","6394","0","1","30898","0"
"10","88683099",".","A","G","E","","","c.1343-34A>G","intron","","2","252370","0","7.92e-6","0","17370","0","0","9870","0","0","17348","0","0","22566","0","0","112216","0","1","35710","0","1","6392","0","0","30898","0"
"10","88683103","rs371518604","T","C","E","","","c.1343-30T>C","intron","","1","252398","0","3.96e-6","0","17370","0","0","9870","0","0","17348","0","0","22572","0","1","112236","0","0","35710","0","0","6394","0","0","30898","0"
"10","88683105",".","G","A","E","","","c.1343-28G>A","intron","","1","252394","0","3.96e-6","0","17370","0","0","9870","0","0","17346","0","0","22570","0","0","112234","0","1","35710","0","0","6394","0","0","30900","0"
"10","88683109",".","C","G","E","","","c.1343-24C>G","intron","","1","252404","0","3.96e-6","0","17370","0","0","9868","0","0","17348","0","0","22572","0","1","112240","0","0","35710","0","0","6396","0","0","30900","0"
"10","88683110",".","C","T","E","","","c.1343-23C>T","intron","","2","252404","0","7.92e-6","0","17370","0","0","9870","0","1","17348","0","0","22570","0","0","112238","0","0","35712","0","0","6396","0","1","30900","0"
"10","88683122","rs7074064","T","C","E G","","","c.1343-11T>C","intron","","101991","282508","21779","3.61e-1","17336","25854","5874","3787","10160","698","13622","18928","4919","9707","26074","1791","32493","126728","4181","13332","36450","2463","2347","7416","380","9367","30898","1473"
"10","88683125","rs188914676","C","A","E","c.1343-8C>A","","c.1343-8C>A","splice region","","1","252420","0","3.96e-6","0","17370","0","0","9870","0","0","17348","0","0","22572","0","1","112252","0","0","35712","0","0","6396","0","0","30900","0"
"10","88683126",".","C","T","E","c.1343-7C>T","","c.1343-7C>T","splice region","","1","252422","0","3.96e-6","0","17370","0","0","9870","0","0","17348","0","0","22572","0","1","112256","0","0","35712","0","0","6396","0","0","30898","0"
"10","88683130",".","T","C","E","c.1343-3T>C","","c.1343-3T>C","splice region","","2","252422","0","7.92e-6","1","17370","0","0","9870","0","0","17348","0","0","22572","0","1","112256","0","0","35712","0","0","6396","0","0","30898","0"
"10","88683138","rs55932635","G","A","E","p.Val450Met","p.Val450Met","c.1348G>A","missense","","19","252424","0","7.53e-5","1","17370","0","0","9870","0","8","17348","0","0","22574","0","3","112254","0","6","35712","0","0","6396","0","1","30900","0"
"10","88683143",".","A","G","E","p.Glu451Glu","p.Glu451Glu","c.1353A>G","synonymous","","1","252428","0","3.96e-6","0","17370","0","0","9870","0","0","17348","0","0","22574","0","1","112258","0","0","35712","0","0","6396","0","0","30900","0"
"10","88683152","rs764090248","A","G","E G","p.Gln454Gln","p.Gln454Gln","c.1362A>G","synonymous","","4","252428","0","1.58e-5","0","17370","0","0","9870","0","1","17348","0","1","22574","0","1","112260","0","0","35712","0","0","6396","0","1","30898","0"
"10","88683155",".","G","A","E","p.Leu455Leu","p.Leu455Leu","c.1365G>A","synonymous","","1","252420","0","3.96e-6","0","17370","0","0","9870","0","0","17348","0","0","22574","0","1","112254","0","0","35710","0","0","6396","0","0","30898","0"
"10","88683161",".","T","C","E","p.Tyr457Tyr","p.Tyr457Tyr","c.1371T>C","synonymous","","1","252420","0","3.96e-6","1","17370","0","0","9870","0","0","17348","0","0","22574","0","0","112254","0","0","35710","0","0","6396","0","0","30898","0"
"10","88683168",".","A","C","E","p.Met460Leu","p.Met460Leu","c.1378A>C","missense","","1","252418","0","3.96e-6","0","17370","0","0","9870","0","0","17348","0","0","22572","0","0","112254","0","1","35710","0","0","6396","0","0","30898","0"
"10","88683168",".","A","G","E","p.Met460Val","p.Met460Val","c.1378A>G","missense","","1","252418","0","3.96e-6","0","17370","0","0","9870","0","0","17348","0","0","22572","0","1","112254","0","0","35710","0","0","6396","0","0","30898","0"
"10","88683169",".","T","C","E","p.Met460Thr","p.Met460Thr","c.1379T>C","missense","","8","252422","0","3.17e-5","0","17370","0","0","9870","0","0","17348","0","0","22572","0","8","112254","0","0","35712","0","0","6396","0","0","30900","0"
"10","88683176",".","G","A","E","p.Pro462Pro","p.Pro462Pro","c.1386G>A","synonymous","","9","252416","0","3.57e-5","0","17370","0","0","9870","0","0","17348","0","0","22572","0","1","112252","0","0","35710","0","0","6396","0","8","30898","0"
"10","88683176",".","G","T","E","p.Pro462Pro","p.Pro462Pro","c.1386G>T","synonymous","","1","252416","0","3.96e-6","0","17370","0","0","9870","0","0","17348","0","0","22572","0","1","112252","0","0","35710","0","0","6396","0","0","30898","0"
"10","88683185","rs55845713","G","A","E","p.Pro465Pro","p.Pro465Pro","c.1395G>A","synonymous","","6","252420","0","2.38e-5","0","17370","0","0","9870","0","2","17348","0","0","22572","0","1","112254","0","2","35710","0","1","6396","0","0","30900","0"
"10","88683185","rs55845713","G","C","E G","p.Pro465Pro","p.Pro465Pro","c.1395G>C","synonymous","","96","282676","1","3.4e-4","88","25876","1","0","10162","0","0","18944","0","0","26090","0","3","126818","0","5","36472","0","0","7414","0","0","30900","0"
"10","88683188",".","A","C","E","p.Ser466Ser","p.Ser466Ser","c.1398A>C","synonymous","","26","252420","0","1.03e-4","0","17370","0","0","9870","0","0","17348","0","0","22572","0","0","112256","0","26","35708","0","0","6396","0","0","30900","0"
"10","88683191","rs149787558","C","T","E G","p.Tyr467Tyr","p.Tyr467Tyr","c.1401C>T","synonymous","","7","252414","0","2.77e-5","1","17370","0","0","9870","0","2","17348","0","0","22572","0","3","112252","0","0","35706","0","0","6396","0","1","30900","0"
"10","88683192","rs199907158","G","A","E","p.Glu468Lys","p.Glu468Lys","c.1402G>A","missense","","1","252416","0","3.96e-6","0","17370","0","0","9870","0","0","17348","0","0","22570","0","1","112252","0","0","35710","0","0","6396","0","0","30900","0"
"10","88683192","rs199907158","G","C","E","p.Glu468Gln","p.Glu468Gln","c.1402G>C","missense","","2","252416","0","7.92e-6","0","17370","0","0","9870","0","0","17348","0","0","22570","0","0","112252","0","2","35710","0","0","6396","0","0","30900","0"
"10","88683200",".","G","A","E","p.Met470Ile","p.Met470Ile","c.1410G>A","missense","","1","252414","0","3.96e-6","0","17370","0","0","9870","0","0","17348","0","0","22570","0","1","112250","0","0","35710","0","0","6396","0","0","30900","0"
"10","88683201",".","C","T","E","p.Arg471Cys","p.Arg471Cys","c.1411C>T","missense","","6","252414","0","2.38e-5","0","17370","0","0","9870","0","0","17348","0","0","22574","0","1","112252","0","2","35704","0","0","6396","0","3","30900","0"
"10","88683202",".","G","A","E","p.Arg471His","p.Arg471His","c.1412G>A","missense","","3","252418","0","1.19e-5","0","17370","0","0","9870","0","0","17348","0","0","22572","0","3","112252","0","0","35710","0","0","6396","0","0","30900","0"
"10","88683209","rs145756629","T","G","E G","p.Val473Val","p.Val473Val","c.1419T>G","synonymous","","277","282692","1","9.8e-4","0","25878","0","177","10162","1","0","18944","0","0","26090","0","58","126828","0","18","36474","0","9","7416","0","15","30900","0"
"10","88683210","rs567733221","G","C","E G","p.Val474Leu","p.Val474Leu","c.1420G>C","missense","","11","252428","0","4.36e-5","2","17370","0","0","9870","0","0","17348","0","0","22574","0","9","112258","0","0","35712","0","0","6396","0","0","30900","0"
"10","88683210",".","G","T","E","p.Val474Leu","p.Val474Leu","c.1420G>T","missense","","1","252428","0","3.96e-6","0","17370","0","0","9870","0","1","17348","0","0","22574","0","0","112258","0","0","35712","0","0","6396","0","0","30900","0"
"10","88683212",".","G","A","E","p.Val474Val","p.Val474Val","c.1422G>A","synonymous","","6","252426","0","2.38e-5","0","17370","0","0","9870","0","0","17348","0","0","22574","0","2","112256","0","0","35712","0","0","6396","0","4","30900","0"
"10","88683220",".","A","G","E","p.Lys477Arg","p.Lys477Arg","c.1430A>G","missense","","2","252430","0","7.92e-6","0","17370","0","0","9870","0","0","17348","0","0","22574","0","0","112260","0","0","35712","0","0","6396","0","2","30900","0"
"10","88683223","rs113849804","G","A","E G","p.Arg478His","p.Arg478His","c.1433G>A","missense","","41","252428","0","1.62e-4","1","17370","0","0","9870","0","0","17348","0","0","22574","0","31","112258","0","7","35712","0","2","6396","0","0","30900","0"
"10","88683223","rs113849804","G","T","E","p.Arg478Leu","p.Arg478Leu","c.1433G>T","missense","","2","252428","0","7.92e-6","0","17370","0","0","9870","0","0","17348","0","0","22574","0","0","112258","0","0","35712","0","0","6396","0","2","30900","0"
"10","88683229",".","G","A","E","p.Arg480Gln","p.Arg480Gln","c.1439G>A","missense","","1","252426","0","3.96e-6","1","17370","0","0","9870","0","0","17348","0","0","22574","0","0","112258","0","0","35712","0","0","6394","0","0","30900","0"
"10","88683234",".","A","G","E","p.Ile482Val","p.Ile482Val","c.1444A>G","missense","","2","252430","0","7.92e-6","0","17370","0","0","9870","0","1","17348","0","0","22574","0","1","112260","0","0","35712","0","0","6396","0","0","30900","0"
"10","88683239",".","G","T","E","p.Val483Val","p.Val483Val","c.1449G>T","synonymous","","1","252428","0","3.96e-6","0","17370","0","0","9870","0","1","17348","0","0","22574","0","0","112258","0","0","35712","0","0","6396","0","0","30900","0"
"10","88683246",".","C","T","E","p.Arg486Trp","p.Arg486Trp","c.1456C>T","missense","","2","252428","0","7.92e-6","0","17370","0","0","9870","0","1","17348","0","0","22574","0","1","112260","0","0","35712","0","0","6396","0","0","30898","0"
"10","88683247",".","G","A","E","p.Arg486Gln","p.Arg486Gln","c.1457G>A","missense","","2","252428","0","7.92e-6","0","17370","0","0","9870","0","0","17348","0","0","22574","0","1","112258","0","0","35712","0","0","6396","0","1","30900","0"
"10","88683248",".","G","A","E","p.Arg486Arg","p.Arg486Arg","c.1458G>A","synonymous","","1","252428","0","3.96e-6","0","17370","0","1","9870","0","0","17348","0","0","22574","0","0","112258","0","0","35712","0","0","6396","0","0","30900","0"
"10","88683259",".","A","G","E","p.Asp490Gly","p.Asp490Gly","c.1469A>G","missense","","1","252430","0","3.96e-6","0","17370","0","0","9870","0","0","17348","0","0","22574","0","0","112260","0","1","35712","0","0","6396","0","0","30900","0"
"10","88683281","rs764229448","C","T","E G","","","c.1473+18C>T","intron","","1","252428","0","3.96e-6","0","17370","0","0","9870","0","0","17348","0","0","22574","0","1","112258","0","0","35712","0","0","6396","0","0","30900","0"
"10","88683282",".","C","A","E","","","c.1473+19C>A","intron","","2","252428","0","7.92e-6","0","17370","0","0","9870","0","0","17348","0","0","22574","0","0","112258","0","2","35712","0","0","6396","0","0","30900","0"
"10","88683282",".","C","T","E","","","c.1473+19C>T","intron","","2","252428","0","7.92e-6","0","17370","0","0","9870","0","0","17348","0","0","22574","0","2","112258","0","0","35712","0","0","6396","0","0","30900","0"
"10","88683287",".","A","G","E","","","c.1473+24A>G","intron","","1","252430","0","3.96e-6","0","17370","0","0","9870","0","0","17348","0","0","22574","0","0","112260","0","1","35712","0","0","6396","0","0","30900","0"
"10","88683297","rs377081114","C","G","E","","","c.1473+34C>G","intron","","1","252428","0","3.96e-6","0","17370","0","0","9870","0","0","17348","0","0","22574","0","0","112258","0","0","35712","0","0","6396","0","1","30900","0"
"10","88683297","rs377081114","C","T","E G","","","c.1473+34C>T","intron","","78","282686","0","2.76e-4","0","25880","0","0","10162","0","5","18944","0","0","26092","0","10","126818","0","3","36474","0","2","7416","0","58","30900","0"
"10","88683298",".","G","A","E","","","c.1473+35G>A","intron","","5","252422","0","1.98e-5","0","17370","0","0","9870","0","2","17348","0","0","22574","0","3","112252","0","0","35712","0","0","6396","0","0","30900","0"
"10","88683304","rs193047599","G","T","E","","","c.1473+41G>T","intron","","1","252426","0","3.96e-6","1","17370","0","0","9870","0","0","17348","0","0","22574","0","0","112256","0","0","35712","0","0","6396","0","0","30900","0"
"10","88683313",".","T","C","E","","","c.1474-38T>C","intron","","3","252428","0","1.19e-5","0","17370","0","0","9870","0","0","17348","0","0","22574","0","3","112258","0","0","35712","0","0","6396","0","0","30900","0"
"10","88683313",".","T","G","E","","","c.1474-38T>G","intron","","1","252428","0","3.96e-6","0","17370","0","0","9870","0","0","17348","0","0","22574","0","0","112258","0","1","35712","0","0","6396","0","0","30900","0"
"10","88683315",".","T","C","E G","","","c.1474-36T>C","intron","","2","282688","0","7.07e-6","0","25884","0","0","10162","0","1","18942","0","0","26092","0","0","126820","0","0","36474","0","1","7414","0","0","30900","0"
"10","88683319",".","C","T","E","","","c.1474-32C>T","intron","","1","252424","0","3.96e-6","0","17370","0","0","9870","0","0","17348","0","0","22574","0","1","112254","0","0","35712","0","0","6396","0","0","30900","0"
"10","88683322",".","T","C","E","","","c.1474-29T>C","intron","","1","252428","0","3.96e-6","0","17370","0","0","9870","0","0","17348","0","0","22574","0","0","112258","0","0","35712","0","0","6396","0","1","30900","0"
"10","88683326",".","C","T","E","","","c.1474-25C>T","intron","","5","252422","0","1.98e-5","0","17370","0","0","9870","0","0","17348","0","0","22574","0","4","112254","0","0","35712","0","1","6394","0","0","30900","0"
"10","88683329",".","T","G","E","","","c.1474-22T>G","intron","","2","252428","0","7.92e-6","0","17370","0","0","9870","0","0","17348","0","0","22574","0","0","112258","0","0","35712","0","0","6396","0","2","30900","0"
"10","88683334",".","A","G","E","","","c.1474-17A>G","intron","","1","252426","0","3.96e-6","0","17370","0","0","9870","0","0","17348","0","0","22574","0","1","112256","0","0","35712","0","0","6396","0","0","30900","0"
"10","88683338",".","CTT","C","E","","","c.1474-11_1474-10delTT","intron","","1","252424","0","3.96e-6","0","17370","0","0","9870","0","0","17348","0","0","22574","0","1","112254","0","0","35712","0","0","6396","0","0","30900","0"
"10","88683341","rs369633360","T","C","E G","","","c.1474-10T>C","intron","","3","282692","0","1.06e-5","0","25884","0","0","10162","0","0","18944","0","0","26092","0","2","126820","0","1","36474","0","0","7416","0","0","30900","0"
"10","88683342","rs372031054","A","G","E G","","","c.1474-9A>G","intron","","8","282684","0","2.83e-5","0","25878","0","0","10162","0","0","18944","0","0","26092","0","6","126820","0","0","36474","0","2","7414","0","0","30900","0"
"10","88683357",".","C","T","E","p.Arg494Ter","p.Arg494Ter","c.1480C>T","stop gained","","1","252420","0","3.96e-6","0","17370","0","0","9870","0","0","17348","0","1","22574","0","0","112250","0","0","35712","0","0","6396","0","0","30900","0"
"10","88683358",".","G","A","E G","p.Arg494Gln","p.Arg494Gln","c.1481G>A","missense","","1","30256","0","3.31e-5","0","8508","0","0","292","0","1","1596","0","0","3518","0","0","14560","0","0","762","0","0","1020","0","0","0","0"
"10","88683363",".","G","A","E","p.Val496Ile","p.Val496Ile","c.1486G>A","missense","","1","252420","0","3.96e-6","0","17370","0","0","9870","0","0","17348","0","0","22572","0","1","112252","0","0","35712","0","0","6396","0","0","30900","0"
"10","88683375","rs376651641","A","G","E G","p.Met500Val","p.Met500Val","c.1498A>G","missense","","10","282682","0","3.54e-5","0","25880","0","0","10162","0","0","18944","0","0","26090","0","9","126818","0","0","36472","0","1","7416","0","0","30900","0"
"10","88683390","rs369966011","G","A","E G","p.Ala505Thr","p.Ala505Thr","c.1513G>A","missense","","6","252422","0","2.38e-5","1","17370","0","0","9870","0","0","17348","0","0","22572","0","4","112254","0","0","35712","0","1","6396","0","0","30900","0"
"10","88683397","rs750840234","A","G","E G","p.Asn507Ser","p.Asn507Ser","c.1520A>G","missense","","6","282690","0","2.12e-5","1","25882","0","0","10162","0","0","18944","0","0","26088","0","2","126824","0","0","36474","0","0","7416","0","3","30900","0"
"10","88683413","rs758796892","C","T","E G","p.Leu512Leu","p.Leu512Leu","c.1536C>T","synonymous","","30","252420","0","1.19e-4","0","17370","0","0","9870","0","0","17348","0","0","22572","0","0","112254","0","0","35712","0","0","6396","0","30","30898","0"
"10","88683416",".","A","T","E","p.Thr513Thr","p.Thr513Thr","c.1539A>T","synonymous","","1","252418","0","3.96e-6","0","17368","0","0","9870","0","0","17348","0","0","22572","0","0","112254","0","0","35712","0","0","6396","0","1","30898","0"
"10","88683420",".","T","C","E","p.Leu515Leu","p.Leu515Leu","c.1543T>C","synonymous","","3","252418","0","1.19e-5","0","17368","0","0","9870","0","0","17348","0","0","22572","0","3","112254","0","0","35712","0","0","6396","0","0","30898","0"
"10","88683426",".","A","G","E","p.Ile517Val","p.Ile517Val","c.1549A>G","missense","","3","252416","0","1.19e-5","0","17366","0","0","9870","0","0","17348","0","0","22572","0","3","112254","0","0","35712","0","0","6396","0","0","30898","0"
"10","88683437","rs142775086","G","A","E G","p.Thr520Thr","p.Thr520Thr","c.1560G>A","synonymous","","89","252404","0","3.53e-4","80","17358","0","0","9870","0","0","17348","0","0","22572","0","0","112250","0","7","35712","0","0","6396","0","2","30898","0"
"10","88683447",".","A","G","E","p.Met524Val","p.Met524Val","c.1570A>G","missense","","1","252402","0","3.96e-6","0","17358","0","0","9870","0","0","17348","0","0","22572","0","1","112248","0","0","35712","0","0","6396","0","0","30898","0"
"10","88683450",".","G","A","E","p.Val525Ile","p.Val525Ile","c.1573G>A","missense","","5","252394","0","1.98e-5","0","17356","0","0","9870","0","0","17348","0","0","22572","0","0","112244","0","0","35712","0","0","6394","0","5","30898","0"
"10","88683455","rs202030576","A","G","E","p.Glu526Glu","p.Glu526Glu","c.1578A>G","synonymous","","5","252386","0","1.98e-5","0","17356","0","0","9870","0","5","17346","0","0","22572","0","0","112240","0","0","35712","0","0","6392","0","0","30898","0"
"10","88683463",".","A","T","E","p.Asp529Val","p.Asp529Val","c.1586A>T","missense","","4","252368","0","1.58e-5","0","17352","0","0","9870","0","0","17346","0","0","22572","0","0","112226","0","0","35712","0","0","6392","0","4","30898","0"
"10","88683473","rs201345248","C","G","E","p.Ile532Met","p.Ile532Met","c.1596C>G","missense","","7","252330","0","2.77e-5","1","17348","0","0","9868","0","0","17346","0","0","22570","0","6","112196","0","0","35712","0","0","6392","0","0","30898","0"
"10","88683487","rs770781608","A","T","E G","","","c.*11A>T","3' UTR","","1","252050","0","3.97e-6","0","17270","0","0","9864","0","0","17346","0","0","22572","0","1","111998","0","0","35712","0","0","6388","0","0","30900","0"
"10","88683489",".","C","G","E","","","c.*13C>G","3' UTR","","1","252018","0","3.97e-6","0","17266","0","0","9862","0","1","17346","0","0","22572","0","0","111972","0","0","35712","0","0","6388","0","0","30900","0"
"10","88683489",".","C","T","E","","","c.*13C>T","3' UTR","","2","252018","0","7.94e-6","0","17266","0","0","9862","0","0","17346","0","0","22572","0","2","111972","0","0","35712","0","0","6388","0","0","30900","0"
"10","88683490",".","G","A","E","","","c.*14G>A","3' UTR","","3","251986","0","1.19e-5","0","17256","0","0","9862","0","0","17344","0","0","22572","0","3","111952","0","0","35712","0","0","6388","0","0","30900","0"
"10","88683493",".","G","A","E","","","c.*17G>A","3' UTR","","1","251950","0","3.97e-6","1","17238","0","0","9862","0","0","17344","0","0","22570","0","0","111936","0","0","35712","0","0","6388","0","0","30900","0"
"10","88683506","rs370244873","A","G","E","","","c.*30A>G","3' UTR","","1","251220","0","3.98e-6","1","17070","0","0","9840","0","0","17306","0","0","22568","0","0","111488","0","0","35694","0","0","6358","0","0","30896","0"
"10","88683506","rs370244873","A","T","E G","","","c.*30A>T","3' UTR","","2","251220","0","7.96e-6","0","17070","0","0","9840","0","0","17306","0","0","22568","0","2","111488","0","0","35694","0","0","6358","0","0","30896","0"
"10","88683511",".","A","C","E","","","c.*35A>C","3' UTR","","2","251088","0","7.97e-6","0","17044","0","0","9838","0","0","17298","0","0","22566","0","2","111404","0","0","35694","0","0","6352","0","0","30892","0"
"10","88683518",".","G","GT","E","","","c.*47dupT","3' UTR","","1","250492","0","3.99e-6","0","16932","0","0","9810","0","0","17270","0","0","22560","0","0","111032","0","0","35668","0","0","6338","0","1","30882","0"
"10","88683518","rs753218854","GTTT","G","E G","","","c.*45_*47delTTT","3' UTR","","138","280724","0","4.92e-4","132","25434","0","0","10100","0","0","18866","0","0","26076","0","2","125582","0","4","36430","0","0","7354","0","0","30882","0"
"10","88683519","rs762000074","T","C","E G","","","c.*43T>C","3' UTR","","6","250308","0","2.4e-5","0","16888","0","0","9804","0","0","17260","0","0","22564","0","6","110912","0","0","35666","0","0","6334","0","0","30880","0"
"10","88683520",".","T","C","E","","","c.*44T>C","3' UTR","","1","250330","0","3.99e-6","0","16888","0","0","9808","0","1","17258","0","0","22562","0","0","110938","0","0","35668","0","0","6332","0","0","30876","0"
"10","88683523","rs542274831","T","A","E G","","","c.*47T>A","3' UTR","","94","250100","0","3.76e-4","88","16860","0","0","9798","0","0","17246","0","0","22554","0","2","110774","0","4","35660","0","0","6326","0","0","30882","0"
"10","88683930",".","AGAT","A","G","","","c.*462_*464delATG","3' UTR","","1","30264","0","3.3e-5","0","8508","0","0","292","0","0","1596","0","0","3518","0","1","14568","0","0","762","0","0","1020","0","0","0","0"
"10","88683996",".","G","A","G","","","c.*520G>A","3' UTR","","1","30270","0","3.3e-5","0","8512","0","0","292","0","0","1596","0","0","3518","0","1","14570","0","0","762","0","0","1020","0","0","0","0"
"10","88683996",".","GTGTGTC","G","G","","","c.*522_*527delGTGTCT","3' UTR","","42","30270","1","1.39e-3","2","8512","0","0","292","0","0","1596","0","17","3518","1","19","14570","0","0","762","0","4","1020","0","0","0","0"
"10","88684003",".","T","TACAC","G","","","c.*527_*528insACAC","3' UTR","","42","30266","1","1.39e-3","2","8510","0","0","292","0","0","1596","0","17","3518","1","19","14568","0","0","762","0","4","1020","0","0","0","0"
"10","88684188",".","TTA","T","G","","","c.*714_*715delAT","3' UTR","","1","30230","0","3.31e-5","0","8510","0","0","292","0","0","1596","0","0","3518","0","1","14532","0","0","762","0","0","1020","0","0","0","0"
"10","88684352",".","AAAG","A","G","","","c.*879_*881delGAA","3' UTR","","1","30268","0","3.3e-5","0","8512","0","0","292","0","1","1596","0","0","3518","0","0","14568","0","0","762","0","0","1020","0","0","0","0"
"10","88684699",".","TATC","T","G","","","c.*1227_*1229delATC","3' UTR","","1","30254","0","3.31e-5","0","8512","0","0","292","0","0","1596","0","0","3514","0","1","14558","0","0","762","0","0","1020","0","0","0","0"
"10","88684835",".","CCCTAACTTGTGAAGACAA","C","G","","","c.*1360_*1377delCCTAACTTGTGAAGACAA","3' UTR","","2","30242","0","6.61e-5","0","8506","0","0","292","0","2","1594","0","0","3514","0","0","14558","0","0","762","0","0","1016","0","0","0","0"
"10","88684955",".","A","C","G","","","c.*1479A>C","3' UTR","","1","30252","0","3.31e-5","1","8510","0","0","292","0","0","1596","0","0","3514","0","0","14558","0","0","762","0","0","1020","0","0","0","0"
"10","88684973","rs17335915","T","C","G","","","c.*1497T>C","3' UTR","","6725","30236","802","2.22e-1","1346","8502","108","50","292","3","163","1594","8","744","3514","84","3887","14556","513","281","760","56","254","1018","30","0","0","0"
"10","88684976",".","A","G","G","","","c.*1500A>G","3' UTR","","1","30266","0","3.3e-5","0","8514","0","0","292","0","0","1596","0","0","3518","0","1","14564","0","0","762","0","0","1020","0","0","0","0"
"10","88684980",".","A","G","G","","","c.*1504A>G","3' UTR","","1","30262","0","3.3e-5","0","8514","0","0","292","0","0","1596","0","0","3514","0","1","14564","0","0","762","0","0","1020","0","0","0","0"
"10","88684986",".","ACTT","A","G","","","c.*1514_*1516delCTT","3' UTR","","3","30262","0","9.91e-5","0","8512","0","0","292","0","2","1596","0","0","3518","0","1","14562","0","0","762","0","0","1020","0","0","0","0"
"10","88684998",".","C","T","G","","","c.*1522C>T","3' UTR","","9","30248","0","2.98e-4","0","8514","0","0","292","0","0","1596","0","5","3512","0","3","14552","0","0","762","0","1","1020","0","0","0","0"
"10","88685006","rs747020756","ATATT","A","G","","","c.*1535_*1538delTATT","3' UTR","","3","30250","0","9.92e-5","1","8512","0","0","292","0","0","1594","0","0","3512","0","1","14558","0","0","762","0","1","1020","0","0","0","0"
"10","88685024",".","CAATT","C","G","","","c.*1549_*1552delAATT","3' UTR","","1","30144","0","3.32e-5","0","8508","0","0","292","0","1","1544","0","0","3494","0","0","14536","0","0","754","0","0","1016","0","0","0","0"
"10","88685026",".","A","G","G","","","c.*1550A>G","3' UTR","","1","30084","0","3.32e-5","0","8510","0","0","292","0","0","1514","0","0","3474","0","1","14530","0","0","752","0","0","1012","0","0","0","0"
"10","88685037",".","C","T","G","","","c.*1561C>T","3' UTR","","1","29306","0","3.41e-5","1","8480","0","0","284","0","0","1120","0","0","3358","0","0","14352","0","0","722","0","0","990","0","0","0","0"
"10","88685038","rs573249227","A","G","G","","","c.*1562A>G","3' UTR","","1","29138","0","3.43e-5","1","8476","0","0","282","0","0","1028","0","0","3344","0","0","14304","0","0","718","0","0","986","0","0","0","0"
"10","88685052","rs779413084","TTTTA","T","G","","","c.*1580_*1583delATTT","3' UTR","","4834","30212","629","1.6e-1","550","8510","18","76","292","7","1042","1570","341","773","3510","88","2020","14554","136","208","758","23","165","1018","16","0","0","0"
"10","88685080","rs540382426","G","A","G","","","c.*1604G>A","3' UTR","","12","30262","0","3.97e-4","0","8512","0","0","292","0","12","1596","0","0","3514","0","0","14566","0","0","762","0","0","1020","0","0","0","0"
"10","88685086",".","A","G","G","","","c.*1610A>G","3' UTR","","1","30268","0","3.3e-5","0","8514","0","0","292","0","0","1596","0","0","3518","0","1","14566","0","0","762","0","0","1020","0","0","0","0"
"10","88685106",".","AG","A","G","","","c.*1632delG","3' UTR","","1","30266","0","3.3e-5","1","8514","0","0","292","0","0","1596","0","0","3518","0","0","14564","0","0","762","0","0","1020","0","0","0","0"
"10","88685135","rs192424201","A","G","G","","","c.*1659A>G","3' UTR","","40","30264","0","1.32e-3","1","8514","0","0","292","0","0","1596","0","7","3516","0","32","14568","0","0","762","0","0","1016","0","0","0","0"
"10","88685147",".","A","G","G","","","c.*1671A>G","3' UTR","","1","30264","0","3.3e-5","1","8514","0","0","292","0","0","1596","0","0","3514","0","0","14568","0","0","762","0","0","1018","0","0","0","0"
"10","88685162",".","C","T","G","","","c.*1686C>T","3' UTR","","1","30254","0","3.31e-5","0","8510","0","0","292","0","0","1594","0","0","3512","0","1","14564","0","0","762","0","0","1020","0","0","0","0"
"10","88685164",".","A","G","G","","","c.*1688A>G","3' UTR","","3","30258","0","9.91e-5","0","8512","0","0","292","0","0","1596","0","0","3512","0","3","14564","0","0","762","0","0","1020","0","0","0","0"
"10","88685165",".","T","C","G","","","c.*1689T>C","3' UTR","","1","30264","0","3.3e-5","0","8512","0","0","292","0","0","1596","0","0","3512","0","0","14570","0","1","762","0","0","1020","0","0","0","0"
"10","88685169",".","T","G","G","","","c.*1693T>G","3' UTR","","4","30252","0","1.32e-4","0","8506","0","0","292","0","0","1594","0","0","3514","0","4","14566","0","0","762","0","0","1018","0","0","0","0"
"10","88685194","rs144044369","C","T","G","","","c.*1718C>T","3' UTR","","96","30238","1","3.17e-3","68","8508","0","0","292","0","0","1594","0","1","3506","0","25","14558","1","2","760","0","0","1020","0","0","0","0"
"10","88685226","rs78310908","C","T","G","","","c.*1750C>T","3' UTR","","14","30220","0","4.63e-4","14","8508","0","0","292","0","0","1592","0","0","3494","0","0","14554","0","0","760","0","0","1020","0","0","0","0"
"10","88685229",".","T","C","G","","","c.*1753T>C","3' UTR","","1","30244","0","3.31e-5","0","8514","0","0","292","0","0","1596","0","0","3496","0","1","14566","0","0","760","0","0","1020","0","0","0","0"
"10","88685271",".","C","T","G","","","c.*1795C>T","3' UTR","","3","30232","0","9.92e-5","3","8510","0","0","292","0","0","1594","0","0","3494","0","0","14562","0","0","762","0","0","1018","0","0","0","0"
"10","88685288",".","A","G","G","","","c.*1812A>G","3' UTR","","2","30232","0","6.62e-5","2","8512","0","0","292","0","0","1596","0","0","3496","0","0","14556","0","0","762","0","0","1018","0","0","0","0"
"10","88685353",".","T","C","G","","","c.*1877T>C","3' UTR","","1","30240","0","3.31e-5","0","8512","0","0","292","0","0","1596","0","0","3496","0","1","14564","0","0","760","0","0","1020","0","0","0","0"
"10","88685355","rs185614255","C","T","G","","","c.*1879C>T","3' UTR","","1","30234","0","3.31e-5","0","8512","0","0","292","0","1","1596","0","0","3498","0","0","14560","0","0","758","0","0","1018","0","0","0","0"
"10","88685381","rs568792060","C","T","G","","","c.*1905C>T","3' UTR","","7","30154","0","2.32e-4","0","8490","0","0","292","0","0","1596","0","3","3470","0","4","14544","0","0","748","0","0","1014","0","0","0","0"
"10","88685388","rs7919226","G","A","G","","","c.*1912G>A","3' UTR","","1706","30052","140","5.68e-2","1435","8452","136","14","292","1","1","1592","0","3","3438","0","217","14528","2","21","740","1","15","1010","0","0","0","0"
"10","88685388","rs7919226","G","T","G","","","c.*1912G>T","3' UTR","","1","30052","0","3.33e-5","0","8452","0","0","292","0","0","1592","0","0","3438","0","1","14528","0","0","740","0","0","1010","0","0","0","0"
"10","88685390",".","A","G","G","","","c.*1914A>G","3' UTR","","1","30176","0","3.31e-5","0","8498","0","0","292","0","1","1592","0","0","3486","0","0","14540","0","0","752","0","0","1016","0","0","0","0"
"10","88685398","rs190449684","A","G","G","","","c.*1922A>G","3' UTR","","104","30070","0","3.46e-3","5","8460","0","4","290","0","0","1592","0","0","3444","0","87","14524","0","2","752","0","6","1008","0","0","0","0"
"10","88685414","rs115697341","C","T","G","","","c.*1938C>T","3' UTR","","131","30054","0","4.36e-3","131","8456","0","0","292","0","0","1588","0","0","3428","0","0","14538","0","0","744","0","0","1008","0","0","0","0"
"10","88685417","rs549156432","A","G","G","","","c.*1941A>G","3' UTR","","46","29852","0","1.54e-3","45","8414","0","0","292","0","0","1580","0","0","3336","0","1","14498","0","0","734","0","0","998","0","0","0","0"
"10","88685450","rs148180799","T","TA","G","","","c.*1975dupA","3' UTR","","715","29666","12","2.41e-2","54","8392","0","22","290","0","1","1590","0","74","3262","0","517","14396","11","17","730","1","30","1006","0","0","0","0"
"10","88685456",".","A","G","G","","","c.*1980A>G","3' UTR","","1","29168","0","3.43e-5","0","8248","0","0","286","0","0","1578","0","0","3066","0","0","14326","0","0","696","0","1","968","0","0","0","0"
"10","88685525","rs6586043","T","C","G","","","c.*2049T>C","3' UTR","","10310","25104","2443","4.11e-1","4453","6864","1446","108","264","20","865","1264","290","776","2340","112","3643","12914","498","207","616","38","258","842","39","0","0","0"
"10","88685525","rs6586043","T","TGGACTGC","G","","","c.*2057_*2063dupGGACTGC","3' UTR","","1","25104","0","3.98e-5","0","6864","0","0","264","0","0","1264","0","0","2340","0","1","12914","0","0","616","0","0","842","0","0","0","0"
"10","88685743",".","CA","C","G","","","c.*2270delA","3' UTR","","1","30138","0","3.32e-5","0","8492","0","0","292","0","0","1594","0","0","3474","0","1","14512","0","0","760","0","0","1014","0","0","0","0"
"10","88685756",".","T","G","G","","","c.*2280T>G","3' UTR","","1","30190","0","3.31e-5","0","8508","0","0","292","0","0","1594","0","0","3482","0","1","14538","0","0","760","0","0","1016","0","0","0","0"
"10","88685785",".","A","G","G","","","c.*2309A>G","3' UTR","","1","30230","0","3.31e-5","0","8502","0","0","290","0","0","1596","0","0","3506","0","1","14554","0","0","762","0","0","1020","0","0","0","0"
"10","88685797",".","A","G","G","","","c.*2321A>G","3' UTR","","1","30216","0","3.31e-5","1","8502","0","0","290","0","0","1594","0","0","3510","0","0","14538","0","0","762","0","0","1020","0","0","0","0"
"10","88685798",".","A","G","G","","","c.*2322A>G","3' UTR","","1","30222","0","3.31e-5","0","8504","0","0","290","0","1","1594","0","0","3514","0","0","14544","0","0","762","0","0","1014","0","0","0","0"
"10","88685818",".","A","G","G","","","c.*2342A>G","3' UTR","","1","29898","0","3.34e-5","1","8180","0","0","288","0","0","1594","0","0","3516","0","0","14548","0","0","758","0","0","1014","0","0","0","0"
"10","88685820","rs200091989","C","CA","G","","","c.*2350dupA","3' UTR","","9","30040","0","3e-4","8","8476","0","0","290","0","0","1596","0","0","3460","0","0","14446","0","1","760","0","0","1012","0","0","0","0"
"10","88685820","rs200091989","CAAA","C","G","","","c.*2348_*2350delAAA","3' UTR","","1658","30040","115","5.52e-2","1412","8476","113","13","290","1","1","1596","0","3","3460","0","194","14446","0","21","760","1","14","1012","0","0","0","0"
"10","88685827","rs200855194","TTACAGCCA","T","G","","","c.*2352_*2359delTACAGCCA","3' UTR","","1659","30192","115","5.49e-2","1413","8496","113","13","290","1","1","1596","0","3","3516","0","194","14516","0","21","758","1","14","1020","0","0","0","0"
"10","88685834",".","C","T","G","","","c.*2358C>T","3' UTR","","2","30174","0","6.63e-5","2","8494","0","0","290","0","0","1596","0","0","3512","0","0","14510","0","0","758","0","0","1014","0","0","0","0"
"10","88685838",".","A","G","G","","","c.*2362A>G","3' UTR","","1","30210","0","3.31e-5","0","8480","0","0","290","0","0","1596","0","0","3518","0","0","14546","0","1","760","0","0","1020","0","0","0","0"
"10","88685846","rs11202263","C","T","G","","","c.*2370C>T","3' UTR","","4729","30204","643","1.57e-1","416","8504","8","82","290","8","1065","1590","356","764","3510","86","2028","14530","145","205","760","23","169","1020","17","0","0","0"
"10","88685855","rs567593794","T","C","G","","","c.*2379T>C","3' UTR","","9","30262","0","2.97e-4","8","8512","0","0","292","0","1","1594","0","0","3518","0","0","14566","0","0","760","0","0","1020","0","0","0","0"
"10","88685857",".","G","T","G","","","c.*2381G>T","3' UTR","","1","30256","0","3.31e-5","1","8508","0","0","292","0","0","1596","0","0","3516","0","0","14564","0","0","760","0","0","1020","0","0","0","0"
"10","88685863","rs531389352","T","A","G","","","c.*2387T>A","3' UTR","","9","30250","0","2.98e-4","9","8508","0","0","292","0","0","1596","0","0","3516","0","0","14560","0","0","760","0","0","1018","0","0","0","0"
"10","88685890","rs181275256","A","G","G","","","c.*2414A>G","3' UTR","","93","30264","0","3.07e-3","4","8514","0","0","290","0","0","1596","0","22","3516","0","61","14566","0","0","762","0","6","1020","0","0","0","0"
"10","88685920",".","A","G","G","","","c.*2444A>G","3' UTR","","1","30264","0","3.3e-5","1","8510","0","0","292","0","0","1596","0","0","3518","0","0","14566","0","0","762","0","0","1020","0","0","0","0"
"10","88685929",".","A","G","G","","","c.*2453A>G","3' UTR","","1","30254","0","3.31e-5","0","8512","0","0","292","0","0","1594","0","0","3512","0","1","14566","0","0","762","0","0","1016","0","0","0","0"
"10","88685933",".","T","C","G","","","c.*2457T>C","3' UTR","","1","30268","0","3.3e-5","0","8510","0","0","292","0","0","1596","0","0","3518","0","0","14570","0","1","762","0","0","1020","0","0","0","0"
"10","88685937","rs772082711","G","C","G","","","c.*2461G>C","3' UTR","","1","30248","0","3.31e-5","1","8508","0","0","292","0","0","1596","0","0","3516","0","0","14554","0","0","762","0","0","1020","0","0","0","0"
"10","88685937","rs772082711","G","T","G","","","c.*2461G>T","3' UTR","","6","30248","0","1.98e-4","1","8508","0","0","292","0","0","1596","0","0","3516","0","5","14554","0","0","762","0","0","1020","0","0","0","0"
"10","88685968",".","C","T","G","","","c.*2492C>T","3' UTR","","1","30246","0","3.31e-5","0","8508","0","0","292","0","0","1596","0","0","3514","0","1","14554","0","0","762","0","0","1020","0","0","0","0"
"10","88685969",".","C","T","G","","","c.*2493C>T","3' UTR","","1","30238","0","3.31e-5","0","8508","0","0","292","0","1","1596","0","0","3514","0","0","14548","0","0","762","0","0","1018","0","0","0","0"
"10","88685970",".","G","A","G","","","c.*2494G>A","3' UTR","","1","30244","0","3.31e-5","1","8508","0","0","292","0","0","1594","0","0","3516","0","0","14556","0","0","762","0","0","1016","0","0","0","0"
"10","88686000","rs539933561","C","T","G","","","c.*2524C>T","3' UTR","","5","30230","0","1.65e-4","2","8504","0","0","292","0","0","1596","0","0","3508","0","3","14550","0","0","762","0","0","1018","0","0","0","0"
"10","88686004",".","C","T","G","","","c.*2528C>T","3' UTR","","1","30246","0","3.31e-5","0","8506","0","0","292","0","1","1592","0","0","3512","0","0","14562","0","0","762","0","0","1020","0","0","0","0"
"10","88686006",".","C","T","G","","","c.*2530C>T","3' UTR","","2","30238","0","6.61e-5","1","8506","0","0","292","0","0","1596","0","0","3508","0","1","14554","0","0","762","0","0","1020","0","0","0","0"
"10","88686007","rs547841418","G","A","G","","","c.*2531G>A","3' UTR","","15","30242","0","4.96e-4","0","8508","0","0","292","0","0","1594","0","1","3510","0","12","14556","0","1","762","0","1","1020","0","0","0","0"
"10","88686016","rs566551291","C","T","G","","","c.*2540C>T","3' UTR","","17","30240","0","5.62e-4","17","8502","0","0","292","0","0","1594","0","0","3508","0","0","14562","0","0","762","0","0","1020","0","0","0","0"
"10","88686017","rs533961811","G","A","G","","","c.*2541G>A","3' UTR","","1","30232","0","3.31e-5","1","8502","0","0","292","0","0","1594","0","0","3510","0","0","14554","0","0","762","0","0","1018","0","0","0","0"
"10","88686021","rs555627176","G","A","G","","","c.*2545G>A","3' UTR","","47","30248","0","1.55e-3","47","8506","0","0","292","0","0","1596","0","0","3510","0","0","14562","0","0","762","0","0","1020","0","0","0","0"
"10","88686024","rs185814232","A","G","G","","","c.*2548A>G","3' UTR","","71","30244","0","2.35e-3","69","8504","0","0","292","0","0","1594","0","0","3514","0","0","14558","0","2","762","0","0","1020","0","0","0","0"
"10","88686027","rs190971268","C","A","G","","","c.*2551C>A","3' UTR","","4","30246","0","1.32e-4","0","8502","0","0","292","0","4","1596","0","0","3514","0","0","14560","0","0","762","0","0","1020","0","0","0","0"
"10","88686049",".","C","T","G","","","c.*2573C>T","3' UTR","","2","30212","0","6.62e-5","0","8500","0","0","292","0","0","1594","0","1","3510","0","1","14536","0","0","760","0","0","1020","0","0","0","0"
"10","88686050",".","G","A","G","","","c.*2574G>A","3' UTR","","2","30242","0","6.61e-5","0","8506","0","0","288","0","0","1594","0","0","3516","0","2","14556","0","0","762","0","0","1020","0","0","0","0"
"10","88686067","rs556717604","A","G","G","","","c.*2591A>G","3' UTR","","8","30226","0","2.65e-4","8","8502","0","0","290","0","0","1596","0","0","3514","0","0","14544","0","0","762","0","0","1018","0","0","0","0"
"10","88686068",".","G","C","G","","","c.*2592G>C","3' UTR","","2","30232","0","6.62e-5","2","8506","0","0","290","0","0","1596","0","0","3514","0","0","14548","0","0","760","0","0","1018","0","0","0","0"
"10","88686070",".","A","G","G","","","c.*2594A>G","3' UTR","","1","30224","0","3.31e-5","1","8502","0","0","290","0","0","1596","0","0","3510","0","0","14544","0","0","762","0","0","1020","0","0","0","0"
"10","88686087",".","G","C","G","","","c.*2611G>C","3' UTR","","1","30210","0","3.31e-5","0","8502","0","0","292","0","1","1594","0","0","3508","0","0","14536","0","0","762","0","0","1016","0","0","0","0"
"10","88686089",".","C","T","G","","","c.*2613C>T","3' UTR","","2","30224","0","6.62e-5","0","8504","0","0","292","0","0","1594","0","0","3512","0","2","14542","0","0","760","0","0","1020","0","0","0","0"
"10","88686094",".","T","C","G","","","c.*2618T>C","3' UTR","","2","30232","0","6.62e-5","0","8508","0","0","292","0","0","1594","0","0","3512","0","2","14544","0","0","762","0","0","1020","0","0","0","0"
"10","88686103",".","C","T","G","","","c.*2627C>T","3' UTR","","3","30214","0","9.93e-5","1","8500","0","0","292","0","0","1596","0","0","3514","0","2","14530","0","0","762","0","0","1020","0","0","0","0"
"10","88686113",".","C","G","G","","","c.*2637C>G","3' UTR","","4","30208","0","1.32e-4","4","8502","0","0","292","0","0","1592","0","0","3506","0","0","14540","0","0","760","0","0","1016","0","0","0","0"
"10","88686144","rs180923288","G","A","G","","","c.*2668G>A","3' UTR","","18","30252","0","5.95e-4","0","8510","0","0","292","0","0","1594","0","15","3516","0","3","14558","0","0","762","0","0","1020","0","0","0","0"
"10","88686146","rs560160900","G","A","G","","","c.*2670G>A","3' UTR","","2","30222","0","6.62e-5","1","8506","0","0","292","0","1","1586","0","0","3508","0","0","14548","0","0","762","0","0","1020","0","0","0","0"
"10","88686147","rs572047324","G","T","G","","","c.*2671G>T","3' UTR","","4","30230","0","1.32e-4","4","8510","0","0","292","0","0","1590","0","0","3506","0","0","14552","0","0","760","0","0","1020","0","0","0","0"
"10","88686150",".","G","A","G","","","c.*2674G>A","3' UTR","","9","30246","0","2.98e-4","8","8508","0","0","292","0","0","1594","0","0","3512","0","0","14558","0","1","762","0","0","1020","0","0","0","0"
"10","88686169",".","C","T","G","","","c.*2693C>T","3' UTR","","1","30222","0","3.31e-5","0","8500","0","0","292","0","0","1594","0","0","3516","0","0","14540","0","0","762","0","1","1018","0","0","0","0"
"10","88686176",".","C","T","G","","","c.*2700C>T","3' UTR","","1","30256","0","3.31e-5","0","8504","0","0","292","0","0","1596","0","0","3516","0","1","14566","0","0","762","0","0","1020","0","0","0","0"
"10","88686180",".","A","G","G","","","c.*2704A>G","3' UTR","","1","30254","0","3.31e-5","0","8506","0","0","292","0","0","1596","0","0","3518","0","1","14560","0","0","762","0","0","1020","0","0","0","0"
"10","88686187",".","G","GA","G","","","c.*2713dupA","3' UTR","","1","30258","0","3.3e-5","0","8508","0","0","292","0","0","1596","0","0","3518","0","1","14562","0","0","762","0","0","1020","0","0","0","0"
"10","88686191",".","T","C","G","","","c.*2715T>C","3' UTR","","1","30246","0","3.31e-5","0","8508","0","0","292","0","0","1596","0","0","3516","0","1","14554","0","0","760","0","0","1020","0","0","0","0"
"10","88686205",".","A","AG","G","","","c.*2731dupG","3' UTR","","6","30250","0","1.98e-4","0","8508","0","0","292","0","0","1596","0","0","3516","0","5","14558","0","1","760","0","0","1020","0","0","0","0"
"10","88686213",".","G","C","G","","","c.*2737G>C","3' UTR","","1","30252","0","3.31e-5","0","8504","0","0","292","0","0","1596","0","0","3518","0","1","14562","0","0","762","0","0","1018","0","0","0","0"
"10","88686214","rs187271296","T","G","G","","","c.*2738T>G","3' UTR","","1","30236","0","3.31e-5","0","8500","0","0","290","0","0","1596","0","0","3514","0","0","14556","0","1","760","0","0","1020","0","0","0","0"
"10","88686231","rs191982847","C","T","G","","","c.*2755C>T","3' UTR","","4","30236","0","1.32e-4","3","8494","0","0","292","0","1","1596","0","0","3512","0","0","14562","0","0","760","0","0","1020","0","0","0","0"
"10","88686232","rs142846488","G","A","G","","","c.*2756G>A","3' UTR","","145","30250","2","4.79e-3","144","8500","2","0","292","0","0","1596","0","0","3514","0","0","14566","0","0","762","0","1","1020","0","0","0","0"
"10","88686245",".","C","G","G","","","c.*2769C>G","3' UTR","","1","30248","0","3.31e-5","1","8504","0","0","292","0","0","1596","0","0","3512","0","0","14562","0","0","762","0","0","1020","0","0","0","0"
"10","88686264","rs551442384","G","A","G","","","c.*2788G>A","3' UTR","","1","30232","0","3.31e-5","0","8506","0","0","292","0","0","1596","0","0","3506","0","1","14552","0","0","760","0","0","1020","0","0","0","0"
"10","88686280","rs752584209","TAAAC","T","G","","","c.*2812_*2815delCAAA","3' UTR","","2","30226","0","6.62e-5","1","8502","0","0","292","0","1","1596","0","0","3510","0","0","14546","0","0","760","0","0","1020","0","0","0","0"
"10","88686305","rs76026587","A","C","G","","","c.*2829A>C","3' UTR","","338","30256","8","1.12e-2","332","8508","8","0","292","0","0","1592","0","1","3518","0","2","14564","0","2","762","0","1","1020","0","0","0","0"
"10","88686310","rs146102087","A","G","G","","","c.*2834A>G","3' UTR","","13","30252","0","4.3e-4","13","8508","0","0","292","0","0","1588","0","0","3516","0","0","14566","0","0","762","0","0","1020","0","0","0","0"
"10","88686312","rs549009731","T","C","G","","","c.*2836T>C","3' UTR","","1","30248","0","3.31e-5","1","8506","0","0","292","0","0","1588","0","0","3518","0","0","14564","0","0","760","0","0","1020","0","0","0","0"
"10","88686316",".","G","T","G","","","c.*2840G>T","3' UTR","","1","30240","0","3.31e-5","0","8506","0","0","292","0","1","1592","0","0","3518","0","0","14550","0","0","762","0","0","1020","0","0","0","0"
"10","88686334",".","G","C","G","","","c.*2858G>C","3' UTR","","1","30256","0","3.31e-5","0","8510","0","0","292","0","0","1596","0","0","3516","0","1","14562","0","0","762","0","0","1018","0","0","0","0"
"10","88686370","rs567570870","T","C","G","","","c.*2894T>C","3' UTR","","1","30264","0","3.3e-5","1","8508","0","0","292","0","0","1594","0","0","3518","0","0","14570","0","0","762","0","0","1020","0","0","0","0"
"10","88686374",".","C","T","G","","","c.*2898C>T","3' UTR","","1","30258","0","3.3e-5","0","8506","0","0","292","0","0","1596","0","0","3516","0","1","14566","0","0","762","0","0","1020","0","0","0","0"
"10","88686377","rs187343991","C","G","G","","","c.*2901C>G","3' UTR","","21","30264","0","6.94e-4","0","8508","0","0","292","0","0","1596","0","2","3516","0","18","14570","0","0","762","0","1","1020","0","0","0","0"
"10","88686405","rs114717055","G","T","G","","","c.*2929G>T","3' UTR","","50","30260","0","1.65e-3","49","8510","0","0","292","0","0","1596","0","0","3516","0","1","14566","0","0","760","0","0","1020","0","0","0","0"
"10","88686407","rs778074106","C","T","G","","","c.*2931C>T","3' UTR","","3","30264","0","9.91e-5","1","8510","0","0","292","0","0","1596","0","0","3516","0","2","14568","0","0","762","0","0","1020","0","0","0","0"
"10","88686411","rs377753644","CAAG","C","G","","","c.*2942_*2944delAAG","3' UTR","","2","30262","0","6.61e-5","2","8510","0","0","292","0","0","1596","0","0","3518","0","0","14564","0","0","762","0","0","1020","0","0","0","0"
"10","88686416",".","A","G","G","","","c.*2940A>G","3' UTR","","1","30266","0","3.3e-5","1","8512","0","0","292","0","0","1596","0","0","3518","0","0","14566","0","0","762","0","0","1020","0","0","0","0"
"10","88686418","rs375416438","A","T","G","","","c.*2942A>T","3' UTR","","1","30264","0","3.3e-5","0","8512","0","0","292","0","1","1596","0","0","3518","0","0","14564","0","0","762","0","0","1020","0","0","0","0"
"10","88686420","rs374422069","G","T","G","","","c.*2944G>T","3' UTR","","1","30264","0","3.3e-5","0","8512","0","0","292","0","1","1596","0","0","3518","0","0","14564","0","0","762","0","0","1020","0","0","0","0"
"10","88686426",".","T","C","G","","","c.*2950T>C","3' UTR","","1","30266","0","3.3e-5","1","8512","0","0","292","0","0","1596","0","0","3518","0","0","14566","0","0","762","0","0","1020","0","0","0","0"
"10","88686431",".","T","A","G","","","c.*2955T>A","3' UTR","","2","30268","0","6.61e-5","0","8512","0","0","292","0","0","1596","0","0","3518","0","2","14568","0","0","762","0","0","1020","0","0","0","0"
"10","88686438","rs190678224","G","A","G","","","c.*2962G>A","3' UTR","","4","30266","0","1.32e-4","4","8510","0","0","292","0","0","1596","0","0","3518","0","0","14568","0","0","762","0","0","1020","0","0","0","0"
"10","88686450","rs542598180","G","A","G","","","c.*2974G>A","3' UTR","","1","30262","0","3.3e-5","0","8510","0","0","292","0","0","1596","0","0","3516","0","1","14568","0","0","762","0","0","1018","0","0","0","0"
"10","88686450","rs542598180","G","T","G","","","c.*2974G>T","3' UTR","","1","30262","0","3.3e-5","0","8510","0","0","292","0","0","1596","0","0","3516","0","1","14568","0","0","762","0","0","1018","0","0","0","0"
"10","88686456","rs567692869","C","G","G","","","c.*2980C>G","3' UTR","","8","30258","0","2.64e-4","1","8506","0","0","292","0","0","1596","0","1","3516","0","6","14566","0","0","762","0","0","1020","0","0","0","0"
"10","88686467",".","A","G","G","","","c.*2991A>G","3' UTR","","1","30262","0","3.3e-5","1","8508","0","0","292","0","0","1596","0","0","3516","0","0","14568","0","0","762","0","0","1020","0","0","0","0"
"10","88686484",".","G","T","G","","","c.*3008G>T","3' UTR","","2","30258","0","6.61e-5","0","8510","0","0","290","0","0","1596","0","0","3514","0","2","14566","0","0","762","0","0","1020","0","0","0","0"
"10","88686503",".","G","A","G","","","c.*3027G>A","3' UTR","","1","30248","0","3.31e-5","0","8510","0","0","292","0","0","1596","0","0","3512","0","1","14556","0","0","762","0","0","1020","0","0","0","0"
"10","88686551",".","C","T","G","","","c.*3075C>T","3' UTR","","1","30228","0","3.31e-5","1","8506","0","0","292","0","0","1590","0","0","3510","0","0","14548","0","0","762","0","0","1020","0","0","0","0"
"10","88686556","rs543723818","A","T","G","","","c.*3080A>T","3' UTR","","1","30254","0","3.31e-5","0","8512","0","0","292","0","0","1594","0","0","3514","0","0","14562","0","0","760","0","1","1020","0","0","0","0"
"10","88686580",".","A","G","G","","","c.*3104A>G","3' UTR","","1","30258","0","3.3e-5","1","8510","0","0","292","0","0","1596","0","0","3512","0","0","14568","0","0","760","0","0","1020","0","0","0","0"
"10","88686591",".","A","T","G","","","c.*3115A>T","3' UTR","","1","30254","0","3.31e-5","0","8508","0","0","292","0","0","1594","0","0","3514","0","1","14564","0","0","762","0","0","1020","0","0","0","0"
"10","88686596",".","CAA","C","G","","","c.*3122_*3123delAA","3' UTR","","4","30236","0","1.32e-4","4","8500","0","0","292","0","0","1596","0","0","3508","0","0","14558","0","0","762","0","0","1020","0","0","0","0"
"10","88686622",".","T","A","G","","","c.*3146T>A","3' UTR","","1","30262","0","3.3e-5","0","8510","0","0","292","0","0","1596","0","0","3512","0","1","14570","0","0","762","0","0","1020","0","0","0","0"
"10","88686649",".","A","G","G","","","c.*3173A>G","3' UTR","","1","30258","0","3.3e-5","1","8510","0","0","292","0","0","1596","0","0","3512","0","0","14566","0","0","762","0","0","1020","0","0","0","0"
"10","88686656","rs140013274","T","C","G","","","c.*3180T>C","3' UTR","","2","30264","0","6.61e-5","0","8512","0","0","292","0","0","1596","0","0","3516","0","2","14566","0","0","762","0","0","1020","0","0","0","0"
"10","88686660",".","G","A","G","","","c.*3184G>A","3' UTR","","1","30240","0","3.31e-5","0","8502","0","0","292","0","0","1596","0","0","3510","0","1","14558","0","0","762","0","0","1020","0","0","0","0"
"10","88686669",".","C","T","G","","","c.*3193C>T","3' UTR","","1","30258","0","3.3e-5","0","8512","0","0","292","0","0","1596","0","1","3514","0","0","14562","0","0","762","0","0","1020","0","0","0","0"
"10","88686717","rs73351802","C","T","G","","","c.*3241C>T","3' UTR","","476","30240","13","1.57e-2","472","8504","13","0","292","0","0","1596","0","0","3512","0","1","14554","0","1","762","0","2","1020","0","0","0","0"
"10","88686734",".","C","T","G","","","c.*3258C>T","3' UTR","","1","30258","0","3.3e-5","0","8514","0","0","292","0","0","1596","0","0","3512","0","1","14562","0","0","762","0","0","1020","0","0","0","0"
"10","88686735",".","A","G","G","","","c.*3259A>G","3' UTR","","1","30250","0","3.31e-5","1","8512","0","0","292","0","0","1596","0","0","3508","0","0","14562","0","0","762","0","0","1018","0","0","0","0"
"10","88686762","rs779346779","A","C","G","","","c.*3286A>C","3' UTR","","2","30254","0","6.61e-5","0","8508","0","0","292","0","0","1590","0","1","3516","0","1","14568","0","0","762","0","0","1018","0","0","0","0"
"10","88686763",".","A","G","G","","","c.*3287A>G","3' UTR","","1","30254","0","3.31e-5","1","8508","0","0","292","0","0","1594","0","0","3516","0","0","14564","0","0","762","0","0","1018","0","0","0","0"
"10","88686779",".","G","T","G","","","c.*3303G>T","3' UTR","","1","30236","0","3.31e-5","0","8506","0","0","292","0","0","1594","0","0","3512","0","0","14552","0","0","760","0","1","1020","0","0","0","0"
"10","88686837","rs560213293","A","G","G","","","c.*3361A>G","3' UTR","","3","30246","0","9.92e-5","3","8506","0","0","292","0","0","1596","0","0","3508","0","0","14562","0","0","762","0","0","1020","0","0","0","0"
"10","88686840",".","GT","G","G","","","c.*3370delT","3' UTR","","1","30232","0","3.31e-5","1","8508","0","0","292","0","0","1594","0","0","3512","0","0","14544","0","0","762","0","0","1020","0","0","0","0"
"10","88686847","rs527780951","A","T","G","","","c.*3371A>T","3' UTR","","2","30236","0","6.61e-5","0","8510","0","0","292","0","0","1594","0","0","3504","0","2","14556","0","0","762","0","0","1018","0","0","0","0"
"10","88686867","rs143613373","C","T","G","","","c.*3391C>T","3' UTR","","1","30238","0","3.31e-5","0","8506","0","0","292","0","0","1596","0","0","3512","0","0","14550","0","0","762","0","1","1020","0","0","0","0"
"10","88686868","rs12572023","G","A","G","","","c.*3392G>A","3' UTR","","119","30250","0","3.93e-3","1","8510","0","0","292","0","22","1594","0","54","3514","0","36","14560","0","0","760","0","6","1020","0","0","0","0"
"10","88686882",".","TTTACTC","T","G","","","c.*3408_*3413delTACTCT","3' UTR","","1","30264","0","3.3e-5","1","8514","0","0","292","0","0","1596","0","0","3514","0","0","14566","0","0","762","0","0","1020","0","0","0","0"
"10","88686900",".","A","G","G","","","c.*3424A>G","3' UTR","","1","30248","0","3.31e-5","1","8512","0","0","292","0","0","1596","0","0","3518","0","0","14548","0","0","762","0","0","1020","0","0","0","0"
"10","88686954",".","A","G","G","","","c.*3478A>G","3' UTR","","1","30258","0","3.3e-5","1","8514","0","0","292","0","0","1596","0","0","3516","0","0","14562","0","0","760","0","0","1018","0","0","0","0"
"10","88686972",".","G","T","G","","","c.*3496G>T","3' UTR","","1","30254","0","3.31e-5","0","8510","0","0","292","0","0","1596","0","0","3516","0","1","14562","0","0","760","0","0","1018","0","0","0","0"
"10","88686977",".","G","A","G","","","c.*3501G>A","3' UTR","","1","30260","0","3.3e-5","0","8514","0","0","292","0","0","1596","0","0","3512","0","0","14566","0","1","760","0","0","1020","0","0","0","0"
"10","88686997",".","T","C","G","","","c.*3521T>C","3' UTR","","1","30264","0","3.3e-5","0","8510","0","0","292","0","0","1596","0","0","3516","0","1","14568","0","0","762","0","0","1020","0","0","0","0"
"10","88686999",".","G","A","G","","","c.*3523G>A","3' UTR","","1","30256","0","3.31e-5","0","8510","0","0","292","0","0","1596","0","0","3516","0","1","14562","0","0","760","0","0","1020","0","0","0","0"
"10","88687001",".","A","G","G","","","c.*3525A>G","3' UTR","","5","30266","0","1.65e-4","0","8512","0","0","292","0","5","1596","0","0","3514","0","0","14570","0","0","762","0","0","1020","0","0","0","0"
"10","88687012",".","C","T","G","","","c.*3536C>T","3' UTR","","2","30246","0","6.61e-5","2","8506","0","0","292","0","0","1596","0","0","3508","0","0","14562","0","0","762","0","0","1020","0","0","0","0"
"10","88687031",".","A","G","G","","","c.*3555A>G","3' UTR","","2","30266","0","6.61e-5","0","8512","0","0","292","0","0","1594","0","0","3518","0","2","14568","0","0","762","0","0","1020","0","0","0","0"
"10","88687076",".","C","A","G","","","c.*3600C>A","3' UTR","","1","30258","0","3.3e-5","1","8512","0","0","292","0","0","1596","0","0","3516","0","0","14560","0","0","762","0","0","1020","0","0","0","0"
"10","88687110",".","A","T","G","","","c.*3634A>T","3' UTR","","1","30270","0","3.3e-5","0","8514","0","0","292","0","1","1596","0","0","3518","0","0","14568","0","0","762","0","0","1020","0","0","0","0"
"10","88687151",".","T","G","G","","","c.*3675T>G","3' UTR","","1","30270","0","3.3e-5","0","8512","0","0","292","0","0","1596","0","0","3518","0","1","14570","0","0","762","0","0","1020","0","0","0","0"
"10","88687198",".","C","T","G","","","c.*3722C>T","3' UTR","","2","30266","0","6.61e-5","2","8514","0","0","290","0","0","1596","0","0","3518","0","0","14568","0","0","762","0","0","1018","0","0","0","0"
"10","88687227","rs11202264","A","T","G","","","c.*3751A>T","3' UTR","","477","30266","13","1.58e-2","473","8512","13","0","292","0","0","1596","0","0","3518","0","1","14566","0","1","762","0","2","1020","0","0","0","0"
"10","88687270","rs772085430","C","T","G","","","c.*3794C>T","3' UTR","","1","30252","0","3.31e-5","0","8504","0","0","292","0","0","1596","0","0","3518","0","1","14562","0","0","762","0","0","1018","0","0","0","0"
"10","88687276","rs61209939","C","G","G","","","c.*3800C>G","3' UTR","","78","30246","0","2.58e-3","78","8498","0","0","292","0","0","1594","0","0","3518","0","0","14562","0","0","762","0","0","1020","0","0","0","0"
"10","88687300",".","C","T","G","","","c.*3824C>T","3' UTR","","1","30262","0","3.3e-5","0","8510","0","0","292","0","0","1596","0","0","3518","0","1","14564","0","0","762","0","0","1020","0","0","0","0"
"10","88687301",".","G","A","G","","","c.*3825G>A","3' UTR","","3","30258","0","9.91e-5","2","8510","0","0","292","0","0","1594","0","0","3516","0","1","14564","0","0","762","0","0","1020","0","0","0","0"
"10","88687301",".","G","C","G","","","c.*3825G>C","3' UTR","","1","30258","0","3.3e-5","1","8510","0","0","292","0","0","1594","0","0","3516","0","0","14564","0","0","762","0","0","1020","0","0","0","0"
"10","88687301",".","G","T","G","","","c.*3825G>T","3' UTR","","1","30258","0","3.3e-5","0","8510","0","0","292","0","0","1594","0","0","3516","0","1","14564","0","0","762","0","0","1020","0","0","0","0"
"10","88687308","rs188106948","G","A","G","","","c.*3832G>A","3' UTR","","1","30264","0","3.3e-5","1","8510","0","0","292","0","0","1596","0","0","3518","0","0","14566","0","0","762","0","0","1020","0","0","0","0"
"10","88687317",".","A","G","G","","","c.*3841A>G","3' UTR","","1","30272","0","3.3e-5","0","8514","0","0","292","0","1","1596","0","0","3518","0","0","14570","0","0","762","0","0","1020","0","0","0","0"
"10","88687362","rs553815321","G","A","G","","","c.*3886G>A","3' UTR","","107","30258","0","3.54e-3","1","8512","0","0","292","0","0","1596","0","43","3518","0","62","14558","0","0","762","0","1","1020","0","0","0","0"
"10","88687385",".","T","G","G","","","c.*3909T>G","3' UTR","","1","30268","0","3.3e-5","1","8512","0","0","292","0","0","1596","0","0","3518","0","0","14568","0","0","762","0","0","1020","0","0","0","0"
"10","88687420",".","T","G","G","","","c.*3944T>G","3' UTR","","1","30264","0","3.3e-5","1","8512","0","0","292","0","0","1596","0","0","3518","0","0","14564","0","0","762","0","0","1020","0","0","0","0"
"10","88687436",".","C","G","G","","","c.*3960C>G","3' UTR","","1","30264","0","3.3e-5","0","8512","0","0","292","0","0","1596","0","0","3516","0","1","14566","0","0","762","0","0","1020","0","0","0","0"
"10","88687439","rs192576603","T","A","G","","","c.*3963T>A","3' UTR","","3","30268","0","9.91e-5","0","8514","0","0","292","0","0","1594","0","0","3518","0","0","14568","0","3","762","0","0","1020","0","0","0","0"
"10","88687453","rs577395608","TG","T","G","","","c.*3978delG","3' UTR","","12","30262","0","3.97e-4","1","8510","0","0","292","0","0","1594","0","0","3518","0","11","14566","0","0","762","0","0","1020","0","0","0","0"
"10","88687453","rs577395608","TGTA","T","G","","","c.*3981_*3983delGTA","3' UTR","","1","30262","0","3.3e-5","0","8510","0","0","292","0","1","1594","0","0","3518","0","0","14566","0","0","762","0","0","1020","0","0","0","0"
"10","88687456","rs184435006","A","C","G","","","c.*3980A>C","3' UTR","","3","30266","0","9.91e-5","3","8514","0","0","292","0","0","1594","0","0","3518","0","0","14566","0","0","762","0","0","1020","0","0","0","0"
"10","88687482",".","T","C","G","","","c.*4006T>C","3' UTR","","1","30270","0","3.3e-5","0","8512","0","0","292","0","0","1596","0","0","3518","0","1","14570","0","0","762","0","0","1020","0","0","0","0"
"10","88687516",".","G","T","G","","","c.*4040G>T","3' UTR","","1","30270","0","3.3e-5","0","8512","0","0","292","0","0","1596","0","0","3518","0","1","14570","0","0","762","0","0","1020","0","0","0","0"
"10","88687550",".","C","G","G","","","c.*4074C>G","3' UTR","","11","30254","0","3.64e-4","0","8512","0","0","292","0","11","1596","0","0","3514","0","0","14558","0","0","762","0","0","1020","0","0","0","0"
"10","88687556","rs7180","G","A","G","","","c.*4080G>A","3' UTR","","15869","30194","4643","5.26e-1","6520","8490","2507","159","292","42","1219","1592","465","1732","3518","419","5437","14522","1013","368","762","100","434","1018","97","0","0","0"
"10","88687559",".","G","A","G","","","c.*4083G>A","3' UTR","","1","30242","0","3.31e-5","0","8504","0","0","292","0","1","1596","0","0","3516","0","0","14554","0","0","762","0","0","1018","0","0","0","0"
"10","88687576",".","T","C","G","","","c.*4100T>C","3' UTR","","1","30266","0","3.3e-5","0","8510","0","0","292","0","0","1596","0","0","3518","0","1","14568","0","0","762","0","0","1020","0","0","0","0"
"10","88687580",".","T","C","G","","","c.*4104T>C","3' UTR","","1","30268","0","3.3e-5","1","8512","0","0","292","0","0","1596","0","0","3518","0","0","14568","0","0","762","0","0","1020","0","0","0","0"
"10","88687583","rs543087953","G","A","G","","","c.*4107G>A","3' UTR","","25","30260","0","8.26e-4","22","8512","0","0","292","0","0","1596","0","0","3516","0","3","14562","0","0","762","0","0","1020","0","0","0","0"
"10","88687591",".","C","T","G","","","c.*4115C>T","3' UTR","","3","30266","0","9.91e-5","3","8514","0","0","292","0","0","1596","0","0","3518","0","0","14564","0","0","762","0","0","1020","0","0","0","0"
"10","88687601",".","A","G","G","","","c.*4125A>G","3' UTR","","1","30264","0","3.3e-5","1","8510","0","0","292","0","0","1596","0","0","3516","0","0","14568","0","0","762","0","0","1020","0","0","0","0"
"10","88687640",".","C","G","G","","","c.*4164C>G","3' UTR","","1","30256","0","3.31e-5","0","8512","0","0","292","0","1","1596","0","0","3516","0","0","14560","0","0","760","0","0","1020","0","0","0","0"
"10","88687645",".","G","A","G","","","c.*4169G>A","3' UTR","","1","30258","0","3.3e-5","0","8510","0","0","292","0","0","1596","0","0","3512","0","1","14568","0","0","760","0","0","1020","0","0","0","0"
"10","88687689",".","A","G","G","","","c.*4213A>G","3' UTR","","2","30266","0","6.61e-5","2","8514","0","0","292","0","0","1594","0","0","3514","0","0","14570","0","0","762","0","0","1020","0","0","0","0"
"10","88687723",".","T","A","G","","","c.*4247T>A","3' UTR","","1","30252","0","3.31e-5","0","8506","0","0","292","0","0","1596","0","1","3516","0","0","14562","0","0","762","0","0","1018","0","0","0","0"
"10","88687726","rs188868145","A","G","G","","","c.*4250A>G","3' UTR","","4","30254","0","1.32e-4","0","8510","0","0","292","0","0","1596","0","0","3514","0","4","14560","0","0","762","0","0","1020","0","0","0","0"
"10","88687730",".","T","C","G","","","c.*4254T>C","3' UTR","","2","30250","0","6.61e-5","0","8504","0","0","292","0","0","1596","0","0","3512","0","2","14564","0","0","762","0","0","1020","0","0","0","0"
"10","88687733",".","T","C","G","","","c.*4257T>C","3' UTR","","1","30258","0","3.3e-5","1","8508","0","0","292","0","0","1596","0","0","3514","0","0","14566","0","0","762","0","0","1020","0","0","0","0"
"10","88687736",".","T","TG","G","","","c.*4261dupG","3' UTR","","1","30256","0","3.31e-5","1","8510","0","0","292","0","0","1596","0","0","3514","0","0","14564","0","0","762","0","0","1018","0","0","0","0"
"10","88687742","rs559129816","T","C","G","","","c.*4266T>C","3' UTR","","24","30252","0","7.93e-4","24","8506","0","0","292","0","0","1596","0","0","3512","0","0","14564","0","0","762","0","0","1020","0","0","0","0"
"10","88687751",".","T","C","G","","","c.*4275T>C","3' UTR","","1","30252","0","3.31e-5","0","8508","0","0","292","0","0","1596","0","0","3512","0","1","14562","0","0","762","0","0","1020","0","0","0","0"
"10","88687752",".","A","G","G","","","c.*4276A>G","3' UTR","","1","30244","0","3.31e-5","0","8502","0","0","292","0","0","1596","0","0","3512","0","1","14560","0","0","762","0","0","1020","0","0","0","0"
"10","88687774",".","C","CA","G","","","c.*4299dupA","3' UTR","","1","30240","0","3.31e-5","0","8502","0","0","292","0","1","1596","0","0","3504","0","0","14564","0","0","762","0","0","1020","0","0","0","0"
"10","88687805",".","TTAAG","T","G","","","c.*4331_*4334delAAGT","3' UTR","","2","30232","0","6.62e-5","1","8502","0","0","292","0","0","1596","0","0","3502","0","1","14562","0","0","760","0","0","1018","0","0","0","0"
"10","88687812","rs58734519","A","G","G","","","c.*4336A>G","3' UTR","","172","30248","0","5.69e-3","169","8508","0","0","292","0","0","1596","0","0","3512","0","1","14562","0","1","760","0","1","1018","0","0","0","0"
"10","88687860","rs192546133","C","T","G","","","c.*4384C>T","3' UTR","","66","30216","1","2.18e-3","7","8502","0","0","292","0","0","1592","0","0","3504","0","58","14546","1","1","762","0","0","1018","0","0","0","0"
"10","88687886","rs561251385","G","A","G","","","c.*4410G>A","3' UTR","","4","30224","0","1.32e-4","2","8506","0","0","292","0","0","1594","0","0","3504","0","2","14546","0","0","762","0","0","1020","0","0","0","0"
"10","88687893","rs7076593","C","T","G","","","c.*4417C>T","3' UTR","","28901","30206","13821","9.57e-1","8279","8498","4030","280","292","134","1549","1594","752","3324","3502","1574","13759","14542","6507","735","760","357","975","1018","467","0","0","0"
"10","88687914",".","A","G","G","","","c.*4438A>G","3' UTR","","2","30200","0","6.62e-5","0","8498","0","0","292","0","0","1596","0","0","3502","0","2","14534","0","0","758","0","0","1020","0","0","0","0"
"10","88687924","rs142578915","C","T","G","","","c.*4448C>T","3' UTR","","55","29986","0","1.83e-3","55","8466","0","0","290","0","0","1596","0","0","3402","0","0","14482","0","0","738","0","0","1012","0","0","0","0"
"10","88687929",".","C","CAGG","G","","","c.*4454_*4456dupAGG","3' UTR","","1","29912","0","3.34e-5","0","8462","0","0","292","0","0","1596","0","0","3360","0","1","14476","0","0","718","0","0","1008","0","0","0","0"
"10","88687930",".","AG","A","G","","","c.*4458delG","3' UTR","","2","30042","0","6.66e-5","2","8466","0","0","292","0","0","1590","0","0","3444","0","0","14480","0","0","752","0","0","1018","0","0","0","0"
"10","88687944",".","TAAA","T","G","","","c.*4472_*4474delAAA","3' UTR","","1","29478","0","3.39e-5","1","8392","0","0","292","0","0","1592","0","0","3190","0","0","14316","0","0","702","0","0","994","0","0","0","0"
"10","88687945",".","A","G","G","","","c.*4469A>G","3' UTR","","1","30050","0","3.33e-5","0","8464","0","0","290","0","0","1594","0","0","3452","0","1","14488","0","0","754","0","0","1008","0","0","0","0"
"10","88687946",".","A","G","G","","","c.*4470A>G","3' UTR","","1","30108","0","3.32e-5","1","8492","0","0","290","0","0","1596","0","0","3462","0","0","14494","0","0","760","0","0","1014","0","0","0","0"
"10","88687954",".","G","A","G","","","c.*4478G>A","3' UTR","","1","29102","0","3.44e-5","0","8322","0","1","278","0","0","1580","0","0","3138","0","0","14122","0","0","696","0","0","966","0","0","0","0"
"10","88688022",".","C","T","G","","","c.*4546C>T","3' UTR","","3","29020","0","1.03e-4","1","8140","0","0","290","0","0","1572","0","0","3244","0","2","14046","0","0","744","0","0","984","0","0","0","0"
"10","88688049","rs59643065","A","G","G","","","c.*4573A>G","3' UTR","","3356","29486","211","1.14e-1","710","8308","30","42","292","1","106","1580","4","431","3352","32","1885","14214","133","53","746","4","129","994","7","0","0","0"
"10","88688060",".","A","T","G","","","c.*4584A>T","3' UTR","","1","29700","0","3.37e-5","1","8388","0","0","292","0","0","1586","0","0","3376","0","0","14310","0","0","750","0","0","998","0","0","0","0"
"10","88688067",".","C","T","G","","","c.*4591C>T","3' UTR","","1","29998","0","3.33e-5","1","8452","0","0","292","0","0","1592","0","0","3460","0","0","14426","0","0","760","0","0","1016","0","0","0","0"
"10","88688101",".","T","C","G","","","c.*4625T>C","3' UTR","","1","30120","0","3.32e-5","0","8488","0","0","292","0","0","1588","0","0","3484","0","1","14494","0","0","756","0","0","1018","0","0","0","0"
"10","88688107",".","A","G","G","","","c.*4631A>G","3' UTR","","1","29666","0","3.37e-5","1","8352","0","0","292","0","0","1586","0","0","3412","0","0","14270","0","0","758","0","0","996","0","0","0","0"
"10","88688131",".","C","A","G","","","c.*4655C>A","3' UTR","","1","30160","0","3.32e-5","0","8482","0","0","292","0","1","1596","0","0","3492","0","0","14518","0","0","762","0","0","1018","0","0","0","0"
"10","88688142","rs185069224","G","C","G","","","c.*4666G>C","3' UTR","","1","30064","0","3.33e-5","1","8462","0","0","292","0","0","1594","0","0","3478","0","0","14464","0","0","758","0","0","1016","0","0","0","0"
"10","88688142","rs185069224","G","T","G","","","c.*4666G>T","3' UTR","","14","30064","0","4.66e-4","2","8462","0","1","292","0","0","1594","0","0","3478","0","9","14464","0","1","758","0","1","1016","0","0","0","0"
"10","88688151","rs371583099","T","G","G","","","c.*4675T>G","3' UTR","","1","30074","0","3.33e-5","0","8456","0","0","292","0","1","1592","0","0","3474","0","0","14490","0","0","760","0","0","1010","0","0","0","0"
"10","88688175","rs751103621","T","C","G","","","c.*4699T>C","3' UTR","","1","29948","0","3.34e-5","0","8450","0","0","288","0","1","1584","0","0","3464","0","0","14396","0","0","760","0","0","1006","0","0","0","0"
"10","88688179",".","C","T","G","","","c.*4703C>T","3' UTR","","1","30024","0","3.33e-5","0","8472","0","0","288","0","0","1592","0","0","3472","0","0","14436","0","1","762","0","0","1002","0","0","0","0"
"10","88688259",".","G","A","G","","","c.*4783G>A","3' UTR","","2","30128","0","6.64e-5","0","8500","0","0","292","0","0","1594","0","2","3488","0","0","14482","0","0","758","0","0","1014","0","0","0","0"
"10","88688261","rs188992891","A","G","G","","","c.*4785A>G","3' UTR","","75","30060","1","2.5e-3","52","8486","0","0","292","0","0","1588","0","1","3476","0","22","14450","1","0","760","0","0","1008","0","0","0","0"
"10","88688262",".","T","C","G","","","c.*4786T>C","3' UTR","","2","30190","0","6.62e-5","2","8508","0","0","292","0","0","1592","0","0","3508","0","0","14518","0","0","762","0","0","1010","0","0","0","0"
"10","88688314","rs541198190","A","G","G","","","c.*4838A>G","3' UTR","","1","30200","0","3.31e-5","0","8500","0","0","292","0","0","1594","0","0","3508","0","1","14526","0","0","762","0","0","1018","0","0","0","0"
"10","88688318",".","CAGAA","C","G","","","c.*4844_*4847delGAAA","3' UTR","","4","30216","0","1.32e-4","4","8494","0","0","292","0","0","1596","0","0","3512","0","0","14540","0","0","762","0","0","1020","0","0","0","0"
"10","88688335",".","A","G","G","","","c.*4859A>G","3' UTR","","2","30220","1","6.62e-5","0","8502","0","0","292","0","0","1592","0","0","3512","0","0","14544","0","2","760","1","0","1018","0","0","0","0"
"10","88688336","rs7094713","A","G","G","","","c.*4860A>G","3' UTR","","5290","30168","712","1.75e-1","1066","8486","62","83","292","8","1099","1596","375","729","3504","77","1893","14514","132","248","762","40","172","1014","18","0","0","0"
"10","88688340",".","C","A","G","","","c.*4864C>A","3' UTR","","1","30198","0","3.31e-5","0","8498","0","0","290","0","0","1596","0","0","3502","0","1","14534","0","0","762","0","0","1016","0","0","0","0"
"10","88688364",".","A","G","G","","","c.*4888A>G","3' UTR","","1","30210","0","3.31e-5","0","8502","0","0","292","0","0","1594","0","0","3504","0","0","14542","0","0","758","0","1","1018","0","0","0","0"
"10","88688380",".","C","T","G","","","c.*4904C>T","3' UTR","","3","30202","0","9.93e-5","3","8502","0","0","292","0","0","1590","0","0","3506","0","0","14536","0","0","760","0","0","1016","0","0","0","0"
"10","88688388",".","T","C","G","","","c.*4912T>C","3' UTR","","1","30244","0","3.31e-5","0","8504","0","0","292","0","0","1596","0","0","3512","0","1","14560","0","0","762","0","0","1018","0","0","0","0"
"10","88688395","rs757630079","A","G","G","","","c.*4919A>G","3' UTR","","1","30196","0","3.31e-5","0","8500","0","0","292","0","0","1596","0","0","3504","0","0","14526","0","1","762","0","0","1016","0","0","0","0"
"10","88688401",".","A","AT","G","","","c.*4928dupT","3' UTR","","2","30140","0","6.64e-5","2","8468","0","0","292","0","0","1592","0","0","3500","0","0","14514","0","0","760","0","0","1014","0","0","0","0"
"10","88688431",".","TGAGA","T","G","","","c.*4959_*4962delAGAG","3' UTR","","1","30220","0","3.31e-5","0","8506","0","0","292","0","0","1596","0","0","3506","0","0","14542","0","1","762","0","0","1016","0","0","0","0"
"10","88688457",".","G","A","G","","","c.*4981G>A","3' UTR","","1","30174","0","3.31e-5","0","8500","0","0","290","0","0","1592","0","0","3500","0","1","14516","0","0","762","0","0","1014","0","0","0","0"
"10","88688472",".","C","T","G","","","c.*4996C>T","3' UTR","","7","30182","0","2.32e-4","4","8486","0","0","292","0","2","1596","0","0","3516","0","0","14516","0","0","762","0","1","1014","0","0","0","0"
"10","88688473","rs537049768","G","A","G","","","c.*4997G>A","3' UTR","","3","29944","0","1e-4","1","8428","0","0","292","0","0","1588","0","0","3488","0","1","14382","0","0","762","0","1","1004","0","0","0","0"
"10","88688484",".","T","C","G","","","c.*5008T>C","3' UTR","","1","30220","0","3.31e-5","1","8502","0","0","292","0","0","1596","0","0","3516","0","0","14532","0","0","762","0","0","1020","0","0","0","0"
"10","88688485","rs181709306","C","T","G","","","c.*5009C>T","3' UTR","","304","30214","1","1.01e-2","31","8504","0","1","292","0","0","1596","0","77","3510","1","174","14532","0","2","760","0","19","1020","0","0","0","0"
"10","88688506",".","G","C","G","","","c.*5030G>C","3' UTR","","5","30190","0","1.66e-4","1","8502","0","0","292","0","0","1596","0","0","3508","0","4","14512","0","0","762","0","0","1018","0","0","0","0"
"10","88688510",".","C","G","G","","","c.*5034C>G","3' UTR","","1","30222","0","3.31e-5","1","8498","0","0","292","0","0","1592","0","0","3516","0","0","14542","0","0","762","0","0","1020","0","0","0","0"
"10","88688515",".","G","A","G","","","c.*5039G>A","3' UTR","","4","30060","0","1.33e-4","0","8454","0","0","292","0","3","1590","0","0","3498","0","1","14450","0","0","762","0","0","1014","0","0","0","0"
"10","88688532","rs35676307","C","T","G","","","c.*5056C>T","3' UTR","","3483","30162","227","1.15e-1","1452","8474","126","25","292","1","4","1594","0","467","3508","25","1391","14518","72","44","762","1","100","1014","2","0","0","0"
"10","88688537",".","A","T","G","","","c.*5061A>T","3' UTR","","2","30152","0","6.63e-5","0","8472","0","0","292","0","0","1588","0","0","3508","0","2","14512","0","0","760","0","0","1020","0","0","0","0"
"10","88688538",".","A","G","G","","","c.*5062A>G","3' UTR","","2","30150","0","6.63e-5","0","8476","0","0","292","0","0","1588","0","0","3512","0","1","14504","0","0","762","0","1","1016","0","0","0","0"
"10","88688545",".","G","A","G","","","c.*5069G>A","3' UTR","","1","30156","0","3.32e-5","0","8492","0","0","292","0","1","1590","0","0","3502","0","0","14500","0","0","760","0","0","1020","0","0","0","0"
"10","88688572",".","C","T","G","","","c.*5096C>T","3' UTR","","3","30124","0","9.96e-5","3","8458","0","0","292","0","0","1590","0","0","3506","0","0","14502","0","0","762","0","0","1014","0","0","0","0"
"10","88688601",".","C","A","G","","","c.*5125C>A","3' UTR","","2","29786","0","6.71e-5","0","8322","0","0","290","0","0","1586","0","0","3492","0","2","14340","0","0","756","0","0","1000","0","0","0","0"
"10","88688620",".","C","T","G","","","c.*5144C>T","3' UTR","","2","30224","0","6.62e-5","0","8492","0","0","292","0","1","1592","0","0","3512","0","1","14556","0","0","762","0","0","1018","0","0","0","0"
"10","88688631",".","C","T","G","","","c.*5155C>T","3' UTR","","3","30212","0","9.93e-5","2","8490","0","0","292","0","0","1592","0","0","3516","0","1","14542","0","0","762","0","0","1018","0","0","0","0"
"10","88688639",".","T","C","G","","","c.*5163T>C","3' UTR","","1","30224","0","3.31e-5","1","8498","0","0","292","0","0","1588","0","0","3514","0","0","14554","0","0","762","0","0","1016","0","0","0","0"
"10","88688679",".","T","C","G","","","c.*5203T>C","3' UTR","","5","30250","0","1.65e-4","5","8506","0","0","292","0","0","1592","0","0","3514","0","0","14566","0","0","762","0","0","1018","0","0","0","0"
"10","88688703",".","C","T","G","","","c.*5227C>T","3' UTR","","1","30222","0","3.31e-5","1","8490","0","0","292","0","0","1596","0","0","3506","0","0","14560","0","0","762","0","0","1016","0","0","0","0"
"10","88688707","rs561424270","C","T","G","","","c.*5231C>T","3' UTR","","2","30212","1","6.62e-5","2","8490","1","0","292","0","0","1592","0","0","3508","0","0","14552","0","0","762","0","0","1016","0","0","0","0"
"10","88688731",".","A","AT","G","","","c.*5261dupT","3' UTR","","1","30106","0","3.32e-5","0","8452","0","1","292","0","0","1572","0","0","3508","0","0","14500","0","0","762","0","0","1020","0","0","0","0"
"10","88688759",".","G","A","G","","","c.*5283G>A","3' UTR","","1","30198","0","3.31e-5","1","8486","0","0","292","0","0","1586","0","0","3510","0","0","14544","0","0","760","0","0","1020","0","0","0","0"
"10","88688778",".","G","A","G","","","c.*5302G>A","3' UTR","","1","30208","0","3.31e-5","0","8496","0","0","292","0","0","1586","0","0","3516","0","1","14540","0","0","762","0","0","1016","0","0","0","0"
"10","88688780",".","A","G","G","","","c.*5304A>G","3' UTR","","1","29902","0","3.34e-5","1","8378","0","0","290","0","0","1534","0","0","3506","0","0","14422","0","0","758","0","0","1014","0","0","0","0"
"10","88688781","rs184745242","C","CT","G","","","c.*5314dupT","3' UTR","","14","29558","0","4.74e-4","2","8396","0","0","282","0","0","1586","0","5","3218","0","5","14372","0","0","704","0","2","1000","0","0","0","0"
"10","88688840",".","A","G","G","","","c.*5364A>G","3' UTR","","4","30256","0","1.32e-4","0","8510","0","0","292","0","0","1596","0","0","3514","0","4","14562","0","0","762","0","0","1020","0","0","0","0"
"10","88688875",".","T","G","G","","","c.*5399T>G","3' UTR","","1","30242","0","3.31e-5","0","8508","0","0","292","0","0","1596","0","0","3506","0","1","14560","0","0","760","0","0","1020","0","0","0","0"
"10","88688876",".","T","G","G","","","c.*5400T>G","3' UTR","","2","30242","0","6.61e-5","2","8506","0","0","292","0","0","1596","0","0","3506","0","0","14560","0","0","762","0","0","1020","0","0","0","0"
"10","88688915",".","A","C","G","","","c.*5439A>C","3' UTR","","1","30192","0","3.31e-5","1","8490","0","0","292","0","0","1590","0","0","3504","0","0","14536","0","0","762","0","0","1018","0","0","0","0"
"10","88688953","rs117789389","A","T","G","","","c.*5477A>T","3' UTR","","1934","30236","83","6.4e-2","160","8498","2","11","292","0","2","1596","0","463","3516","25","1185","14552","54","24","762","0","89","1020","2","0","0","0"
"10","88688998",".","T","C","G","","","c.*5522T>C","3' UTR","","2","30264","0","6.61e-5","2","8510","0","0","292","0","0","1596","0","0","3516","0","0","14568","0","0","762","0","0","1020","0","0","0","0"
"10","88689024",".","C","T","G","","","c.*5548C>T","3' UTR","","2","30250","0","6.61e-5","2","8504","0","0","292","0","0","1592","0","0","3514","0","0","14566","0","0","762","0","0","1020","0","0","0","0"
"10","88689032",".","T","C","G","","","c.*5556T>C","3' UTR","","3","30256","0","9.92e-5","0","8508","0","0","292","0","0","1594","0","3","3518","0","0","14562","0","0","762","0","0","1020","0","0","0","0"
"10","88689072",".","C","T","G","","","c.*5596C>T","3' UTR","","4","30232","0","1.32e-4","4","8490","0","0","292","0","0","1596","0","0","3514","0","0","14558","0","0","762","0","0","1020","0","0","0","0"
"10","88689081","rs769523992","G","A","G","","","c.*5605G>A","3' UTR","","1","30252","0","3.31e-5","0","8504","0","0","292","0","0","1594","0","0","3516","0","1","14566","0","0","760","0","0","1020","0","0","0","0"
"10","88689088",".","C","T","G","","","c.*5612C>T","3' UTR","","2","30242","0","6.61e-5","0","8502","0","0","292","0","2","1596","0","0","3514","0","0","14556","0","0","762","0","0","1020","0","0","0","0"
"10","88689159",".","TTTC","T","G","","","c.*5686_*5688delCTT","3' UTR","","1","30254","0","3.31e-5","0","8502","0","0","292","0","0","1596","0","1","3518","0","0","14566","0","0","762","0","0","1018","0","0","0","0"
"10","88689195","rs143453054","G","A","G","","","c.*5719G>A","3' UTR","","56","30254","0","1.85e-3","8","8510","0","0","292","0","0","1596","0","2","3518","0","41","14558","0","3","762","0","2","1018","0","0","0","0"
"10","88689195","rs143453054","G","C","G","","","c.*5719G>C","3' UTR","","2","30254","0","6.61e-5","2","8510","0","0","292","0","0","1596","0","0","3518","0","0","14558","0","0","762","0","0","1018","0","0","0","0"
"10","88689200","rs117070966","T","C","G","","","c.*5724T>C","3' UTR","","1302","30252","44","4.3e-2","75","8508","1","12","292","0","8","1596","0","250","3518","7","875","14560","33","23","762","1","59","1016","2","0","0","0"
"10","88689206","rs189681254","C","T","G","","","c.*5730C>T","3' UTR","","101","30268","1","3.34e-3","6","8514","0","0","292","0","0","1596","0","8","3518","0","83","14568","1","1","762","0","3","1018","0","0","0","0"
"10","88689218",".","G","A","G","","","c.*5742G>A","3' UTR","","1","30270","0","3.3e-5","0","8514","0","0","292","0","0","1596","0","0","3518","0","1","14570","0","0","760","0","0","1020","0","0","0","0"
"10","88689226",".","A","C","G","","","c.*5750A>C","3' UTR","","1","30272","0","3.3e-5","0","8514","0","0","292","0","0","1596","0","0","3518","0","0","14570","0","0","762","0","1","1020","0","0","0","0"
"10","88689240",".","T","C","G","","","c.*5764T>C","3' UTR","","2","30262","0","6.61e-5","0","8512","0","0","292","0","0","1596","0","0","3518","0","2","14562","0","0","762","0","0","1020","0","0","0","0"
"10","88689260","rs374373989","C","T","G","","","c.*5784C>T","3' UTR","","1","30264","0","3.3e-5","0","8512","0","0","292","0","1","1594","0","0","3518","0","0","14568","0","0","762","0","0","1018","0","0","0","0"
"10","88689265",".","G","A","G","","","c.*5789G>A","3' UTR","","2","30246","0","6.61e-5","0","8512","0","0","292","0","0","1594","0","0","3516","0","2","14552","0","0","760","0","0","1020","0","0","0","0"
"10","88689284","rs574431053","C","T","G","","","c.*5808C>T","3' UTR","","3","30266","0","9.91e-5","2","8510","0","0","292","0","0","1596","0","0","3518","0","0","14570","0","0","762","0","1","1018","0","0","0","0"
"10","88689290","rs535635192","C","T","G","","","c.*5814C>T","3' UTR","","3","30268","0","9.91e-5","2","8512","0","0","292","0","0","1596","0","0","3518","0","0","14568","0","0","762","0","1","1020","0","0","0","0"
"10","88689310",".","T","C","G","","","c.*5834T>C","3' UTR","","1","30258","0","3.3e-5","1","8508","0","0","292","0","0","1596","0","0","3518","0","0","14562","0","0","762","0","0","1020","0","0","0","0"
"10","88689314",".","C","T","G","","","c.*5838C>T","3' UTR","","2","30260","0","6.61e-5","2","8510","0","0","292","0","0","1596","0","0","3518","0","0","14562","0","0","762","0","0","1020","0","0","0","0"
"10","88689336","rs773796350","A","T","G","","","c.*5860A>T","3' UTR","","1","30264","0","3.3e-5","0","8512","0","0","292","0","0","1596","0","1","3518","0","0","14564","0","0","762","0","0","1020","0","0","0","0"
"10","88689361",".","C","A","G","","","c.*5885C>A","3' UTR","","1","30264","0","3.3e-5","1","8514","0","0","292","0","0","1594","0","0","3518","0","0","14564","0","0","762","0","0","1020","0","0","0","0"
"10","88689361",".","C","T","G","","","c.*5885C>T","3' UTR","","2","30264","0","6.61e-5","1","8514","0","0","292","0","1","1594","0","0","3518","0","0","14564","0","0","762","0","0","1020","0","0","0","0"
"10","88689362","rs372262059","G","A","G","","","c.*5886G>A","3' UTR","","3","30262","0","9.91e-5","3","8512","0","0","292","0","0","1594","0","0","3516","0","0","14566","0","0","762","0","0","1020","0","0","0","0"
"10","88689373","rs576448299","T","A","G","","","c.*5897T>A","3' UTR","","30","30264","0","9.91e-4","30","8514","0","0","292","0","0","1596","0","0","3518","0","0","14562","0","0","762","0","0","1020","0","0","0","0"
"10","88689404","rs575812095","C","T","G","","","c.*5928C>T","3' UTR","","10","30262","0","3.3e-4","9","8512","0","0","292","0","0","1594","0","0","3518","0","0","14564","0","1","762","0","0","1020","0","0","0","0"
"10","88689405",".","G","A","G","","","c.*5929G>A","3' UTR","","1","30264","0","3.3e-5","0","8512","0","0","292","0","0","1596","0","0","3516","0","1","14566","0","0","762","0","0","1020","0","0","0","0"
"10","88689410","rs186000540","C","T","G","","","c.*5934C>T","3' UTR","","3","30260","0","9.91e-5","0","8510","0","0","292","0","0","1596","0","0","3518","0","1","14562","0","2","762","0","0","1020","0","0","0","0"
"10","88689411","rs148048529","G","A","G","","","c.*5935G>A","3' UTR","","288","30260","1","9.52e-3","20","8512","0","1","292","0","0","1596","0","77","3518","1","175","14560","0","2","762","0","13","1020","0","0","0","0"
"10","88689426","rs560082654","G","A","G","","","c.*5950G>A","3' UTR","","2","30254","0","6.61e-5","0","8506","0","0","292","0","0","1596","0","0","3518","0","0","14562","0","0","762","0","2","1018","0","0","0","0"
"10","88689432",".","G","A","G","","","c.*5956G>A","3' UTR","","1","30258","0","3.3e-5","1","8508","0","0","292","0","0","1596","0","0","3518","0","0","14562","0","0","762","0","0","1020","0","0","0","0"
"10","88689434",".","A","C","G","","","c.*5958A>C","3' UTR","","7","30268","0","2.31e-4","7","8510","0","0","292","0","0","1596","0","0","3518","0","0","14570","0","0","762","0","0","1020","0","0","0","0"
"10","88689439",".","C","CA","G","","","c.*5964dupA","3' UTR","","1","30266","0","3.3e-5","1","8508","0","0","292","0","0","1596","0","0","3518","0","0","14570","0","0","762","0","0","1020","0","0","0","0"
"10","88689456",".","T","C","G","","","c.*5980T>C","3' UTR","","1","30264","0","3.3e-5","1","8512","0","0","292","0","0","1596","0","0","3518","0","0","14564","0","0","762","0","0","1020","0","0","0","0"
"10","88689479",".","T","A","G","","","c.*6003T>A","3' UTR","","1","30256","0","3.31e-5","0","8508","0","0","292","0","0","1596","0","0","3516","0","1","14562","0","0","762","0","0","1020","0","0","0","0"
"10","88689480","rs113249189","C","T","G","","","c.*6004C>T","3' UTR","","1","30264","0","3.3e-5","0","8508","0","0","292","0","0","1596","0","0","3518","0","1","14568","0","0","762","0","0","1020","0","0","0","0"
"10","88689504",".","T","C","G","","","c.*6028T>C","3' UTR","","1","30266","0","3.3e-5","0","8512","0","0","292","0","0","1596","0","0","3518","0","1","14566","0","0","762","0","0","1020","0","0","0","0"
"10","88689523","rs570519134","C","A","G","","","c.*6047C>A","3' UTR","","20","30262","0","6.61e-4","2","8510","0","2","292","0","0","1596","0","1","3518","0","15","14564","0","0","762","0","0","1020","0","0","0","0"
"10","88689531","rs530602484","T","C","G","","","c.*6055T>C","3' UTR","","2","30266","0","6.61e-5","0","8512","0","0","292","0","0","1596","0","0","3518","0","2","14568","0","0","760","0","0","1020","0","0","0","0"
"10","88689599",".","A","G","G","","","c.*6123A>G","3' UTR","","1","30268","0","3.3e-5","0","8512","0","0","292","0","0","1596","0","1","3518","0","0","14568","0","0","762","0","0","1020","0","0","0","0"
"10","88689724",".","T","C","G","","","c.*6248T>C","3' UTR","","3","30260","0","9.91e-5","1","8510","0","0","292","0","0","1596","0","0","3518","0","2","14562","0","0","762","0","0","1020","0","0","0","0"
"10","88689737",".","T","C","G","","","c.*6261T>C","3' UTR","","2","30268","0","6.61e-5","0","8514","0","0","292","0","0","1596","0","0","3518","0","1","14566","0","1","762","0","0","1020","0","0","0","0"
"10","88689743","rs534309942","T","A","G","","","c.*6267T>A","3' UTR","","3","30270","0","9.91e-5","3","8514","0","0","292","0","0","1596","0","0","3518","0","0","14570","0","0","762","0","0","1018","0","0","0","0"
"10","88689743","rs534309942","T","C","G","","","c.*6267T>C","3' UTR","","1","30270","0","3.3e-5","0","8514","0","0","292","0","1","1596","0","0","3518","0","0","14570","0","0","762","0","0","1018","0","0","0","0"
"10","88689759","rs117126394","C","T","G","","","c.*6283C>T","3' UTR","","19","30256","1","6.28e-4","1","8508","0","0","292","0","18","1596","1","0","3518","0","0","14560","0","0","762","0","0","1020","0","0","0","0"
"10","88689760","rs200322120","G","A","G","","","c.*6284G>A","3' UTR","","5","30248","0","1.65e-4","0","8498","0","0","292","0","3","1596","0","2","3518","0","0","14562","0","0","762","0","0","1020","0","0","0","0"
"10","88689780",".","C","T","G","","","c.*6304C>T","3' UTR","","1","30252","0","3.31e-5","0","8508","0","0","292","0","0","1596","0","0","3518","0","1","14556","0","0","762","0","0","1020","0","0","0","0"
"10","88689783","rs539118886","C","T","G","","","c.*6307C>T","3' UTR","","7","30256","0","2.31e-4","3","8510","0","0","292","0","1","1594","0","0","3518","0","2","14560","0","1","762","0","0","1020","0","0","0","0"
"10","88689784","rs7909264","G","C","G","","","c.*6308G>C","3' UTR","","3501","30230","232","1.16e-1","1462","8496","129","25","292","1","4","1596","0","466","3514","25","1399","14556","74","44","760","1","101","1016","2","0","0","0"
"10","88689793",".","A","G","G","","","c.*6317A>G","3' UTR","","2","30256","0","6.61e-5","0","8508","0","0","292","0","0","1596","0","0","3516","0","2","14562","0","0","762","0","0","1020","0","0","0","0"
"10","88689822",".","G","A","G","","","c.*6346G>A","3' UTR","","2","30244","0","6.61e-5","0","8504","0","0","292","0","0","1594","0","0","3518","0","2","14554","0","0","762","0","0","1020","0","0","0","0"
"10","88689859","rs35832018","A","G","G","","","c.*6383A>G","3' UTR","","1566","30242","112","5.18e-2","1304","8500","110","14","292","1","1","1594","0","3","3518","0","212","14556","0","20","762","1","12","1020","0","0","0","0"
"10","88689864",".","C","T","G","","","c.*6388C>T","3' UTR","","1","30250","0","3.31e-5","1","8512","0","0","292","0","0","1592","0","0","3518","0","0","14556","0","0","762","0","0","1018","0","0","0","0"
"10","88689865","rs755145016","G","A","G","","","c.*6389G>A","3' UTR","","1","30256","0","3.31e-5","1","8514","0","0","292","0","0","1594","0","0","3518","0","0","14558","0","0","762","0","0","1018","0","0","0","0"
"10","88689900",".","G","A","G","","","c.*6424G>A","3' UTR","","1","30264","0","3.3e-5","0","8514","0","0","292","0","1","1596","0","0","3518","0","0","14562","0","0","762","0","0","1020","0","0","0","0"
"10","88689907",".","T","TA","G","","","c.*6432dupA","3' UTR","","1","30262","0","3.3e-5","0","8512","0","0","292","0","0","1596","0","0","3518","0","1","14562","0","0","762","0","0","1020","0","0","0","0"
"10","88689918","rs74153427","G","A","G","","","c.*6442G>A","3' UTR","","697","30268","24","2.3e-2","690","8512","24","0","292","0","0","1596","0","0","3518","0","3","14568","0","2","762","0","2","1020","0","0","0","0"
"10","88689941","rs372607578","G","A","G","","","c.*6465G>A","3' UTR","","17","30262","0","5.62e-4","2","8514","0","1","292","0","0","1594","0","0","3516","0","12","14564","0","0","762","0","2","1020","0","0","0","0"
"10","88689953",".","C","T","G","","","c.*6477C>T","3' UTR","","1","30232","0","3.31e-5","1","8512","0","0","292","0","0","1596","0","0","3512","0","0","14538","0","0","762","0","0","1020","0","0","0","0"
"10","88689954","rs748328834","G","T","G","","","c.*6478G>T","3' UTR","","3","30252","0","9.92e-5","0","8514","0","2","292","0","0","1594","0","0","3514","0","0","14558","0","1","760","0","0","1020","0","0","0","0"
"10","88689973","rs376550891","G","A","G","","","c.*6497G>A","3' UTR","","1","30208","0","3.31e-5","0","8506","0","0","292","0","1","1592","0","0","3512","0","0","14528","0","0","760","0","0","1018","0","0","0","0"
"10","88689981","rs778219538","C","T","G","","","c.*6505C>T","3' UTR","","1","30076","0","3.32e-5","1","8484","0","0","292","0","0","1596","0","0","3480","0","0","14450","0","0","758","0","0","1016","0","0","0","0"
"10","88689994","rs181858747","T","G","G","","","c.*6518T>G","3' UTR","","5","30194","0","1.66e-4","4","8502","0","0","292","0","0","1596","0","0","3496","0","1","14542","0","0","754","0","0","1012","0","0","0","0"
"10","88690027",".","A","G","G","","","c.*6551A>G","3' UTR","","2","30156","0","6.63e-5","2","8504","0","0","292","0","0","1596","0","0","3492","0","0","14502","0","0","756","0","0","1014","0","0","0","0"
"10","88690055",".","T","A","G","","","c.*6579T>A","3' UTR","","1","30010","0","3.33e-5","0","8444","0","0","290","0","0","1592","0","0","3500","0","1","14418","0","0","756","0","0","1010","0","0","0","0"
"10","88690062",".","A","C","G","","","c.*6586A>C","3' UTR","","1","29624","0","3.38e-5","0","8360","0","0","290","0","1","1588","0","0","3424","0","0","14212","0","0","754","0","0","996","0","0","0","0"
"10","88690064","rs770901789","TCTCG","T","G","","","c.*6592_*6595delGCTC","3' UTR","","467","29870","12","1.56e-2","463","8446","12","0","286","0","0","1586","0","0","3464","0","1","14332","0","1","750","0","2","1006","0","0","0","0"
"10","88690067",".","C","T","G","","","c.*6591C>T","3' UTR","","1","29932","0","3.34e-5","1","8460","0","0","292","0","0","1594","0","0","3478","0","0","14348","0","0","756","0","0","1004","0","0","0","0"
"10","88690090","rs542184001","G","A","G","","","c.*6614G>A","3' UTR","","3","30094","0","9.97e-5","1","8492","0","0","292","0","0","1592","0","0","3502","0","2","14442","0","0","762","0","0","1012","0","0","0","0"
"10","88690097","rs114689229","G","A","G","","","c.*6621G>A","3' UTR","","2017","30052","81","6.71e-2","513","8484","21","30","290","0","101","1590","4","205","3500","7","1066","14414","44","31","762","2","71","1012","3","0","0","0"
"10","88690105",".","C","T","G","","","c.*6629C>T","3' UTR","","1","30144","0","3.32e-5","0","8498","0","0","292","0","0","1596","0","0","3508","0","0","14476","0","1","760","0","0","1014","0","0","0","0"
"10","88690117",".","A","G","G","","","c.*6641A>G","3' UTR","","1","30106","0","3.32e-5","0","8480","0","0","292","0","0","1594","0","0","3508","0","0","14454","0","1","762","0","0","1016","0","0","0","0"
"10","88690129",".","C","T","G","","","c.*6653C>T","3' UTR","","2","30144","0","6.63e-5","2","8496","0","0","292","0","0","1592","0","0","3508","0","0","14482","0","0","762","0","0","1012","0","0","0","0"
"10","88690146","rs546418597","C","T","G","","","c.*6670C>T","3' UTR","","1","30166","0","3.31e-5","0","8498","0","0","290","0","1","1594","0","0","3510","0","0","14498","0","0","762","0","0","1014","0","0","0","0"
"10","88690162","rs368262573","G","A","G","","","c.*6686G>A","3' UTR","","18","30208","0","5.96e-4","1","8504","0","6","290","0","0","1594","0","0","3514","0","6","14528","0","2","760","0","3","1018","0","0","0","0"
"10","88690181","rs186374503","C","A","G","","","c.*6705C>A","3' UTR","","1","30196","0","3.31e-5","1","8506","0","0","292","0","0","1592","0","0","3510","0","0","14520","0","0","762","0","0","1014","0","0","0","0"
"10","88690182",".","G","A","G","","","c.*6706G>A","3' UTR","","2","30206","0","6.62e-5","0","8506","0","0","292","0","2","1592","0","0","3512","0","0","14522","0","0","762","0","0","1020","0","0","0","0"
"10","88690203",".","AT","A","G","","","c.*6731delT","3' UTR","","1","30164","0","3.32e-5","1","8486","0","0","292","0","0","1592","0","0","3508","0","0","14508","0","0","762","0","0","1016","0","0","0","0"
"10","88690239","rs11202265","G","T","G","","","c.*6763G>T","3' UTR","","14739","30110","3929","4.9e-1","5695","8492","1917","156","290","39","1214","1580","463","1650","3506","383","5247","14466","943","361","762","95","416","1014","89","0","0","0"
"10","88690246",".","G","A","G","","","c.*6770G>A","3' UTR","","1","30202","0","3.31e-5","0","8508","0","0","292","0","0","1594","0","0","3508","0","1","14520","0","0","762","0","0","1018","0","0","0","0"
"10","88690255","rs190426390","G","A","G","","","c.*6779G>A","3' UTR","","52","30210","0","1.72e-3","52","8508","0","0","292","0","0","1596","0","0","3506","0","0","14530","0","0","762","0","0","1016","0","0","0","0"
"10","88690260","rs182928216","C","T","G","","","c.*6784C>T","3' UTR","","15","30234","0","4.96e-4","0","8508","0","0","292","0","14","1594","0","0","3514","0","0","14544","0","0","762","0","1","1020","0","0","0","0"
"10","88690263",".","A","G","G","","","c.*6787A>G","3' UTR","","1","30208","0","3.31e-5","0","8502","0","0","292","0","0","1594","0","0","3512","0","1","14530","0","0","762","0","0","1016","0","0","0","0"
"10","88690264","rs188150837","A","C","G","","","c.*6788A>C","3' UTR","","1","30178","0","3.31e-5","0","8498","0","0","292","0","1","1596","0","0","3508","0","0","14510","0","0","762","0","0","1012","0","0","0","0"
"10","88690264","rs188150837","A","G","G","","","c.*6788A>G","3' UTR","","108","30178","1","3.58e-3","107","8498","1","0","292","0","0","1596","0","0","3508","0","0","14510","0","1","762","0","0","1012","0","0","0","0"
"10","88690284",".","C","T","G","","","c.*6808C>T","3' UTR","","2","30240","0","6.61e-5","1","8506","0","0","292","0","0","1596","0","0","3514","0","0","14552","0","0","762","0","1","1018","0","0","0","0"
"10","88690314",".","C","T","G","","","c.*6838C>T","3' UTR","","1","30252","0","3.31e-5","1","8510","0","0","292","0","0","1596","0","0","3518","0","0","14558","0","0","762","0","0","1016","0","0","0","0"
"10","88690327","rs569172093","G","A","G","","","c.*6851G>A","3' UTR","","21","30238","0","6.94e-4","5","8506","0","0","292","0","0","1596","0","1","3514","0","15","14550","0","0","762","0","0","1018","0","0","0","0"
"10","88690352",".","A","G","G","","","c.*6876A>G","3' UTR","","1","30256","0","3.31e-5","0","8514","0","0","292","0","0","1596","0","0","3518","0","1","14558","0","0","762","0","0","1016","0","0","0","0"
"10","88690386","rs35301882","A","G","G","","","c.*6910A>G","3' UTR","","4967","30230","457","1.64e-1","1703","8498","178","37","292","2","12","1594","0","717","3516","59","2271","14550","200","67","762","6","160","1018","12","0","0","0"
"10","88690390","rs763818455","C","G","G","","","c.*6914C>G","3' UTR","","3","30264","0","9.91e-5","1","8512","0","0","292","0","0","1596","0","0","3518","0","1","14564","0","0","762","0","1","1020","0","0","0","0"
"10","88690446",".","C","T","G","","","c.*6970C>T","3' UTR","","1","30260","0","3.3e-5","1","8512","0","0","292","0","0","1596","0","0","3518","0","0","14560","0","0","762","0","0","1020","0","0","0","0"
"10","88690450",".","A","G","G","","","c.*6974A>G","3' UTR","","1","30258","0","3.3e-5","0","8508","0","0","292","0","0","1594","0","0","3518","0","1","14564","0","0","762","0","0","1020","0","0","0","0"
"10","88690452","rs191190978","C","A","G","","","c.*6976C>A","3' UTR","","1","30254","0","3.31e-5","0","8510","0","0","292","0","0","1594","0","0","3518","0","0","14558","0","0","762","0","1","1020","0","0","0","0"
"10","88690463",".","G","A","G","","","c.*6987G>A","3' UTR","","1","30252","0","3.31e-5","1","8510","0","0","292","0","0","1596","0","0","3516","0","0","14556","0","0","762","0","0","1020","0","0","0","0"
"10","88690481","rs535135484","C","T","G","","","c.*7005C>T","3' UTR","","1","30250","0","3.31e-5","0","8506","0","0","292","0","0","1596","0","0","3514","0","1","14562","0","0","762","0","0","1018","0","0","0","0"
"10","88690512",".","A","G","G","","","c.*7036A>G","3' UTR","","3","30218","0","9.93e-5","3","8500","0","0","292","0","0","1596","0","0","3512","0","0","14536","0","0","762","0","0","1020","0","0","0","0"
"10","88690518",".","G","A","G","","","c.*7042G>A","3' UTR","","1","30222","0","3.31e-5","0","8494","0","0","292","0","0","1592","0","0","3516","0","0","14548","0","1","760","0","0","1020","0","0","0","0"
"10","88690531","rs182641386","G","A","G","","","c.*7055G>A","3' UTR","","1","30234","0","3.31e-5","0","8504","0","0","292","0","0","1596","0","0","3516","0","1","14544","0","0","762","0","0","1020","0","0","0","0"
"10","88690536","rs34669233","G","C","G","","","c.*7060G>C","3' UTR","","274","30236","1","9.06e-3","26","8502","0","14","292","1","1","1594","0","3","3516","0","207","14550","0","12","762","0","11","1020","0","0","0","0"
"10","88690538",".","G","A","G","","","c.*7062G>A","3' UTR","","1","30234","0","3.31e-5","1","8502","0","0","292","0","0","1594","0","0","3516","0","0","14548","0","0","762","0","0","1020","0","0","0","0"
"10","88690548","rs369934638","T","C","G","","","c.*7072T>C","3' UTR","","1","30252","0","3.31e-5","0","8504","0","0","292","0","1","1596","0","0","3518","0","0","14560","0","0","762","0","0","1020","0","0","0","0"
"10","88690569","rs773271528","C","T","G","","","c.*7093C>T","3' UTR","","1","30256","0","3.31e-5","0","8510","0","0","292","0","1","1594","0","0","3516","0","0","14562","0","0","762","0","0","1020","0","0","0","0"
"10","88690570","rs575940639","G","A","G","","","c.*7094G>A","3' UTR","","1","30226","0","3.31e-5","0","8502","0","0","292","0","0","1594","0","0","3510","0","1","14546","0","0","762","0","0","1020","0","0","0","0"
"10","88690574",".","T","C","G","","","c.*7098T>C","3' UTR","","2","30248","0","6.61e-5","0","8500","0","0","292","0","0","1594","0","0","3516","0","2","14564","0","0","762","0","0","1020","0","0","0","0"
"10","88690586","rs117989525","C","T","G","","","c.*7110C>T","3' UTR","","33","30262","1","1.09e-3","0","8510","0","0","290","0","32","1596","1","0","3518","0","0","14566","0","0","762","0","1","1020","0","0","0","0"
"10","88690605",".","CT","C","G","","","c.*7130delT","3' UTR","","1","30252","0","3.31e-5","0","8510","0","0","292","0","1","1594","0","0","3516","0","0","14558","0","0","762","0","0","1020","0","0","0","0"
"10","88690607","rs531387647","C","T","G","","","c.*7131C>T","3' UTR","","32","30256","0","1.06e-3","2","8508","0","0","292","0","0","1592","0","1","3518","0","28","14564","0","0","762","0","1","1020","0","0","0","0"
"10","88690636",".","C","A","G","","","c.*7160C>A","3' UTR","","1","30238","0","3.31e-5","0","8506","0","0","292","0","0","1592","0","0","3514","0","1","14552","0","0","762","0","0","1020","0","0","0","0"
"10","88690637",".","A","T","G","","","c.*7161A>T","3' UTR","","1","30244","0","3.31e-5","0","8506","0","0","292","0","0","1594","0","0","3516","0","1","14554","0","0","762","0","0","1020","0","0","0","0"
"10","88690642",".","A","G","G","","","c.*7166A>G","3' UTR","","1","30232","0","3.31e-5","0","8502","0","0","292","0","0","1592","0","1","3518","0","0","14548","0","0","762","0","0","1018","0","0","0","0"
"10","88690647",".","G","C","G","","","c.*7171G>C","3' UTR","","8","30246","0","2.64e-4","7","8508","0","0","292","0","0","1592","0","0","3518","0","0","14554","0","0","762","0","1","1020","0","0","0","0"
"10","88690650","rs112669180","T","C","G","","","c.*7174T>C","3' UTR","","1269","30224","41","4.2e-2","111","8508","2","12","292","0","0","1592","0","213","3514","7","861","14538","32","14","760","0","58","1020","0","0","0","0"
"10","88690677",".","A","G","G","","","c.*7201A>G","3' UTR","","1","30234","0","3.31e-5","1","8506","0","0","292","0","0","1592","0","0","3518","0","0","14544","0","0","762","0","0","1020","0","0","0","0"
"10","88690682","rs187561931","C","T","G","","","c.*7206C>T","3' UTR","","181","30222","1","5.99e-3","10","8502","0","0","292","0","0","1586","0","27","3518","0","135","14542","1","2","762","0","7","1020","0","0","0","0"
"10","88690686",".","G","A","G","","","c.*7210G>A","3' UTR","","1","30234","0","3.31e-5","0","8508","0","0","292","0","0","1588","0","0","3516","0","0","14550","0","1","762","0","0","1018","0","0","0","0"
"10","88690696","rs138581501","A","G","G","","","c.*7220A>G","3' UTR","","8","30230","0","2.65e-4","1","8508","0","0","292","0","7","1588","0","0","3514","0","0","14546","0","0","762","0","0","1020","0","0","0","0"
"10","88690711",".","A","G","G","","","c.*7235A>G","3' UTR","","3","30232","0","9.92e-5","0","8500","0","0","292","0","1","1592","0","0","3518","0","1","14548","0","0","762","0","1","1020","0","0","0","0"
"10","88690741","rs561855601","C","A","G","","","c.*7265C>A","3' UTR","","4","30170","0","1.33e-4","1","8490","0","0","292","0","0","1588","0","0","3508","0","2","14516","0","1","760","0","0","1016","0","0","0","0"
"10","88690746","rs375266694","G","A","G","","","c.*7270G>A","3' UTR","","4","30172","0","1.33e-4","1","8494","0","0","292","0","3","1590","0","0","3502","0","0","14518","0","0","758","0","0","1018","0","0","0","0"
"10","88690750",".","C","T","G","","","c.*7274C>T","3' UTR","","1","30172","0","3.31e-5","0","8486","0","0","292","0","0","1588","0","0","3506","0","1","14526","0","0","758","0","0","1016","0","0","0","0"
"10","88690762",".","C","T","G","","","c.*7286C>T","3' UTR","","1","30136","0","3.32e-5","0","8484","0","0","290","0","0","1586","0","0","3502","0","1","14498","0","0","760","0","0","1016","0","0","0","0"
"10","88690779",".","G","A","G","","","c.*7303G>A","3' UTR","","1","30080","0","3.32e-5","1","8472","0","0","290","0","0","1584","0","0","3488","0","0","14482","0","0","754","0","0","1010","0","0","0","0"
"10","88690798",".","A","G","G","","","c.*7322A>G","3' UTR","","1","30136","0","3.32e-5","0","8484","0","0","290","0","0","1584","0","0","3500","0","1","14512","0","0","760","0","0","1006","0","0","0","0"
"10","88690799",".","G","A","G","","","c.*7323G>A","3' UTR","","2","30084","0","6.65e-5","0","8484","0","0","290","0","0","1574","0","0","3490","0","1","14486","0","0","756","0","1","1004","0","0","0","0"
"10","88690815",".","CAT","C","G","","","c.*7343_*7344delTA","3' UTR","","2","30016","0","6.66e-5","0","8444","0","0","288","0","0","1582","0","0","3472","0","2","14466","0","0","758","0","0","1006","0","0","0","0"
"10","88690818",".","A","G","G","","","c.*7342A>G","3' UTR","","1","30000","0","3.33e-5","0","8442","0","0","290","0","1","1566","0","0","3482","0","0","14460","0","0","754","0","0","1006","0","0","0","0"
"10","88690843",".","C","G","G","","","c.*7367C>G","3' UTR","","1","29722","0","3.36e-5","0","8374","0","0","288","0","0","1558","0","0","3440","0","1","14316","0","0","744","0","0","1002","0","0","0","0"
"10","88690857","rs117791044","G","C","G","","","c.*7381G>C","3' UTR","","1450","29786","45","4.87e-2","238","8394","2","12","288","0","8","1564","0","249","3478","7","862","14304","33","23","754","1","58","1004","2","0","0","0"
"10","88690861",".","G","C","G","","","c.*7385G>C","3' UTR","","2","29858","0","6.7e-5","2","8416","0","0","286","0","0","1570","0","0","3488","0","0","14342","0","0","752","0","0","1004","0","0","0","0"
"10","88690871","rs756235220","G","A","G","","","c.*7395G>A","3' UTR","","1","29712","0","3.37e-5","0","8378","0","0","286","0","0","1554","0","0","3470","0","1","14278","0","0","744","0","0","1002","0","0","0","0"
"10","88690881",".","C","T","G","","","c.*7405C>T","3' UTR","","1","29600","0","3.38e-5","1","8356","0","0","284","0","0","1552","0","0","3454","0","0","14218","0","0","746","0","0","990","0","0","0","0"
"10","88690897",".","C","T","G","","","c.*7421C>T","3' UTR","","1","29518","0","3.39e-5","1","8298","0","0","290","0","0","1520","0","0","3400","0","0","14266","0","0","746","0","0","998","0","0","0","0"
"10","88690925",".","G","A","G","","","c.*7449G>A","3' UTR","","1","28972","0","3.45e-5","0","8154","0","0","278","0","1","1482","0","0","3246","0","0","14096","0","0","736","0","0","980","0","0","0","0"
"10","88690929",".","C","T","G","","","c.*7453C>T","3' UTR","","1","28322","0","3.53e-5","1","7972","0","0","274","0","0","1438","0","0","3078","0","0","13914","0","0","702","0","0","944","0","0","0","0"
"10","88690930",".","G","A","G","","","c.*7454G>A","3' UTR","","1","28646","0","3.49e-5","0","8096","0","0","278","0","0","1480","0","0","3144","0","1","13962","0","0","718","0","0","968","0","0","0","0"
"10","88690956",".","C","A","G","","","c.*7480C>A","3' UTR","","2","27530","0","7.26e-5","2","7804","0","0","270","0","0","1412","0","0","2772","0","0","13662","0","0","678","0","0","932","0","0","0","0"
"10","88690963",".","A","G","G","","","c.*7487A>G","3' UTR","","1","27484","0","3.64e-5","0","7794","0","0","270","0","0","1412","0","0","2726","0","1","13694","0","0","658","0","0","930","0","0","0","0"
"10","88690970","rs11598821","G","C","G","","","c.*7494G>C","3' UTR","","5808","25474","709","2.28e-1","1881","7138","258","63","262","6","92","1324","5","544","2242","63","2967","13064","349","77","604","8","184","840","20","0","0","0"
"10","88690993","rs570304529","G","A","G","","","c.*7517G>A","3' UTR","","72","19832","1","3.63e-3","5","5268","0","0","210","0","0","1000","0","3","964","0","61","11320","1","0","432","0","3","638","0","0","0","0"
"10","88691071",".","T","TATATATATATATA","G","","","c.*7595_*7596insATATATATATATA","3' UTR","","1","19900","0","5.03e-5","1","3908","0","0","196","0","0","910","0","0","1920","0","0","11768","0","0","440","0","0","758","0","0","0","0"
"10","88691071",".","T","TATATATATATATATA","G","","","c.*7595_*7596insATATATATATATATA","3' UTR","","2","19900","0","1.01e-4","0","3908","0","0","196","0","0","910","0","0","1920","0","1","11768","0","1","440","0","0","758","0","0","0","0"
"10","88691071",".","T","TATATATATATATATATA","G","","","c.*7595_*7596insATATATATATATATATA","3' UTR","","4","19900","0","2.01e-4","4","3908","0","0","196","0","0","910","0","0","1920","0","0","11768","0","0","440","0","0","758","0","0","0","0"
"10","88691071",".","T","TATATATATATATATATATATATA","G","","","c.*7595_*7596insATATATATATATATATATATATA","3' UTR","","1","19900","0","5.03e-5","1","3908","0","0","196","0","0","910","0","0","1920","0","0","11768","0","0","440","0","0","758","0","0","0","0"
"10","88691078","rs11596771","A","G","G","","","c.*7602A>G","3' UTR","","5733","24422","830","2.35e-1","1794","6414","309","57","236","9","84","942","14","495","2042","72","3065","13480","393","56","492","8","182","816","25","0","0","0"
"10","88691097","rs185194848","G","T","G","","","c.*7621G>T","3' UTR","","33","26758","0","1.23e-3","33","7064","0","0","248","0","0","1160","0","0","2782","0","0","14008","0","0","580","0","0","916","0","0","0","0"
"10","88691131","rs189697025","T","G","G","","","c.*7655T>G","3' UTR","","2","29212","0","6.85e-5","0","8166","0","0","288","0","0","1452","0","0","3214","0","0","14396","0","2","704","0","0","992","0","0","0","0"
"10","88691154","rs753101867","A","G","G","","","c.*7678A>G","3' UTR","","3","29652","0","1.01e-4","0","8308","0","0","288","0","0","1522","0","0","3362","0","3","14440","0","0","730","0","0","1002","0","0","0","0"
"10","88691155","rs770754134","T","C","G","","","c.*7679T>C","3' UTR","","5","29622","0","1.69e-4","0","8294","0","0","288","0","0","1514","0","0","3358","0","4","14436","0","1","732","0","0","1000","0","0","0","0"
"10","88691209","rs200683184","CAT","C","G","","","c.*7735_*7736delTA","3' UTR","","7836","29554","1339","2.65e-1","3510","8260","723","86","280","9","1018","1502","335","775","3410","86","2008","14362","128","248","738","39","191","1002","19","0","0","0"
"10","88691219",".","T","C","G","","","c.*7743T>C","3' UTR","","1","29796","0","3.36e-5","1","8356","0","0","286","0","0","1542","0","0","3430","0","0","14428","0","0","742","0","0","1012","0","0","0","0"
"10","88691239",".","C","G","G","","","c.*7763C>G","3' UTR","","1","29556","0","3.38e-5","0","8202","0","0","284","0","1","1530","0","0","3428","0","0","14368","0","0","740","0","0","1004","0","0","0","0"
"10","88691245",".","C","T","G","","","c.*7769C>T","3' UTR","","1","29888","0","3.35e-5","0","8382","0","0","286","0","0","1568","0","0","3420","0","0","14472","0","0","748","0","1","1012","0","0","0","0"
"10","88691258",".","G","A","G","","","c.*7782G>A","3' UTR","","4","29946","0","1.34e-4","4","8404","0","0","288","0","0","1568","0","0","3432","0","0","14490","0","0","748","0","0","1016","0","0","0","0"
"10","88691304","rs566352871","G","T","G","","","c.*7828G>T","3' UTR","","181","30138","4","6.01e-3","8","8462","0","0","292","0","0","1588","0","100","3478","4","67","14544","0","1","758","0","5","1016","0","0","0","0"
"10","88691313",".","C","A","G","","","c.*7837C>A","3' UTR","","1","30150","0","3.32e-5","0","8444","0","0","292","0","0","1592","0","1","3496","0","0","14552","0","0","756","0","0","1018","0","0","0","0"
"10","88691319","rs144731781","TAGG","T","G","","","c.*7846_*7848delGAG","3' UTR","","394","30226","7","1.3e-2","387","8494","7","0","292","0","0","1590","0","1","3508","0","2","14562","0","2","760","0","2","1020","0","0","0","0"
"10","88691363",".","C","T","G","","","c.*7887C>T","3' UTR","","1","30226","0","3.31e-5","0","8496","0","0","292","0","0","1596","0","0","3504","0","1","14564","0","0","754","0","0","1020","0","0","0","0"
"10","88691368",".","A","T","G","","","c.*7892A>T","3' UTR","","1","30238","0","3.31e-5","0","8498","0","0","292","0","0","1596","0","0","3508","0","0","14562","0","0","762","0","1","1020","0","0","0","0"
"10","88691382","rs74569108","C","G","G","","","c.*7906C>G","3' UTR","","139","30224","0","4.6e-3","138","8496","0","0","292","0","0","1596","0","0","3506","0","0","14554","0","1","760","0","0","1020","0","0","0","0"
"10","88691400","rs745758999","T","A","G","","","c.*7924T>A","3' UTR","","1","30228","0","3.31e-5","0","8502","0","0","292","0","0","1592","0","0","3506","0","1","14556","0","0","760","0","0","1020","0","0","0","0"
"10","88691406",".","G","A","G","","","c.*7930G>A","3' UTR","","2","30226","0","6.62e-5","2","8498","0","0","292","0","0","1594","0","0","3502","0","0","14558","0","0","762","0","0","1020","0","0","0","0"
"10","88691410","rs561624629","A","G","G","","","c.*7934A>G","3' UTR","","2","30232","0","6.62e-5","2","8498","0","0","292","0","0","1594","0","0","3508","0","0","14558","0","0","762","0","0","1020","0","0","0","0"
"10","88691411","rs138878862","T","A","G","","","c.*7935T>A","3' UTR","","4","30240","0","1.32e-4","0","8500","0","0","292","0","3","1596","0","0","3506","0","0","14564","0","1","762","0","0","1020","0","0","0","0"
"10","88691430","rs181252142","T","C","G","","","c.*7954T>C","3' UTR","","8","30236","0","2.65e-4","0","8504","0","0","292","0","8","1594","0","0","3506","0","0","14562","0","0","760","0","0","1018","0","0","0","0"
"10","88691456",".","A","G","G","","","c.*7980A>G","3' UTR","","1","30250","0","3.31e-5","0","8512","0","0","292","0","0","1594","0","0","3506","0","1","14564","0","0","762","0","0","1020","0","0","0","0"
"10","88691493",".","C","T","G","","","c.*8017C>T","3' UTR","","1","30232","0","3.31e-5","0","8504","0","0","290","0","0","1594","0","0","3506","0","1","14560","0","0","762","0","0","1016","0","0","0","0"
"10","88691509",".","A","G","G","","","c.*8033A>G","3' UTR","","1","30250","0","3.31e-5","1","8510","0","0","292","0","0","1588","0","0","3516","0","0","14562","0","0","762","0","0","1020","0","0","0","0"
"10","88691627",".","T","G","G","","","c.*8151T>G","3' UTR","","1","30252","0","3.31e-5","0","8504","0","0","292","0","0","1594","0","0","3516","0","1","14566","0","0","762","0","0","1018","0","0","0","0"
"10","88691633",".","A","G","G","","","c.*8157A>G","3' UTR","","2","30256","0","6.61e-5","0","8512","0","0","292","0","0","1596","0","0","3516","0","1","14564","0","0","762","0","1","1014","0","0","0","0"
"10","88691660",".","C","T","G","","","c.*8184C>T","3' UTR","","1","30228","0","3.31e-5","0","8506","0","0","292","0","0","1596","0","0","3512","0","1","14542","0","0","762","0","0","1018","0","0","0","0"
"10","88691678","rs747455839","T","C","G","","","c.*8202T>C","3' UTR","","1","30258","0","3.3e-5","0","8514","0","0","292","0","0","1596","0","0","3514","0","1","14562","0","0","762","0","0","1018","0","0","0","0"
"10","88691681","rs185079546","T","C","G","","","c.*8205T>C","3' UTR","","127","30258","1","4.2e-3","119","8508","1","5","292","0","0","1596","0","0","3516","0","2","14566","0","0","762","0","1","1018","0","0","0","0"
"10","88691698",".","C","T","G","","","c.*8222C>T","3' UTR","","1","30252","0","3.31e-5","0","8510","0","0","292","0","1","1596","0","0","3514","0","0","14558","0","0","762","0","0","1020","0","0","0","0"
"10","88691726","rs558155536","A","C","G","","","c.*8250A>C","3' UTR","","1","30252","0","3.31e-5","0","8510","0","0","292","0","0","1596","0","0","3518","0","1","14554","0","0","762","0","0","1020","0","0","0","0"
"10","88691748",".","T","C","G","","","c.*8272T>C","3' UTR","","1","30264","0","3.3e-5","1","8514","0","0","292","0","0","1596","0","0","3514","0","0","14566","0","0","762","0","0","1020","0","0","0","0"
"10","88691768",".","A","C","G","","","c.*8292A>C","3' UTR","","1","30250","0","3.31e-5","1","8504","0","0","292","0","0","1596","0","0","3516","0","0","14560","0","0","762","0","0","1020","0","0","0","0"
"10","88691791",".","A","G","G","","","c.*8315A>G","3' UTR","","1","30260","0","3.3e-5","0","8504","0","0","292","0","0","1596","0","0","3518","0","1","14568","0","0","762","0","0","1020","0","0","0","0"
"10","88691805",".","G","A","G","","","c.*8329G>A","3' UTR","","1","30256","0","3.31e-5","1","8508","0","0","292","0","0","1596","0","0","3512","0","0","14566","0","0","762","0","0","1020","0","0","0","0"
"10","88691805",".","GCCATTTAC","G","G","","","c.*8332_*8339delATTTACCC","3' UTR","","5","30256","0","1.65e-4","5","8508","0","0","292","0","0","1596","0","0","3512","0","0","14566","0","0","762","0","0","1020","0","0","0","0"
"10","88691834",".","C","T","G","","","c.*8358C>T","3' UTR","","1","30264","0","3.3e-5","1","8512","0","0","292","0","0","1596","0","0","3518","0","0","14564","0","0","762","0","0","1020","0","0","0","0"
"10","88691837",".","C","T","G","","","c.*8361C>T","3' UTR","","1","30262","0","3.3e-5","0","8510","0","0","292","0","0","1596","0","1","3516","0","0","14566","0","0","762","0","0","1020","0","0","0","0"
"10","88691845",".","G","A","G","","","c.*8369G>A","3' UTR","","1","30258","0","3.3e-5","0","8512","0","0","292","0","0","1596","0","0","3516","0","0","14560","0","0","762","0","1","1020","0","0","0","0"
"10","88691864","rs567639492","C","CTG","G","","","c.*8400_*8401dupGT","3' UTR","","56","30150","0","1.86e-3","56","8490","0","0","292","0","0","1594","0","0","3468","0","0","14536","0","0","756","0","0","1014","0","0","0","0"
"10","88691864","rs567639492","CTG","C","G","","","c.*8400_*8401delGT","3' UTR","","4","30150","0","1.33e-4","0","8490","0","0","292","0","0","1594","0","3","3468","0","1","14536","0","0","756","0","0","1014","0","0","0","0"
"10","88691876",".","G","A","G","","","c.*8400G>A","3' UTR","","1","30248","0","3.31e-5","0","8506","0","0","290","0","0","1596","0","0","3516","0","1","14560","0","0","762","0","0","1018","0","0","0","0"
"10","88691895",".","T","C","G","","","c.*8419T>C","3' UTR","","1","30258","0","3.3e-5","0","8506","0","0","290","0","0","1594","0","0","3518","0","1","14568","0","0","762","0","0","1020","0","0","0","0"
"10","88691898",".","TC","T","G","","","c.*8423delC","3' UTR","","1","30258","0","3.3e-5","1","8506","0","0","290","0","0","1594","0","0","3518","0","0","14568","0","0","762","0","0","1020","0","0","0","0"
"10","88691901","rs746121714","T","C","G","","","c.*8425T>C","3' UTR","","2","30262","0","6.61e-5","0","8506","0","0","292","0","0","1596","0","0","3518","0","2","14568","0","0","762","0","0","1020","0","0","0","0"
"10","88691902","rs776383170","G","A","G","","","c.*8426G>A","3' UTR","","11","30248","0","3.64e-4","0","8500","0","8","292","0","0","1594","0","0","3514","0","3","14568","0","0","762","0","0","1018","0","0","0","0"
"10","88691931","rs141913278","A","G","G","","","c.*8455A>G","3' UTR","","3","30256","0","9.92e-5","0","8508","0","0","290","0","3","1594","0","0","3516","0","0","14566","0","0","762","0","0","1020","0","0","0","0"
"10","88691934",".","C","T","G","","","c.*8458C>T","3' UTR","","1","30266","0","3.3e-5","0","8508","0","0","292","0","0","1596","0","0","3518","0","1","14570","0","0","762","0","0","1020","0","0","0","0"
"10","88691949",".","G","C","G","","","c.*8473G>C","3' UTR","","3","30172","0","9.94e-5","3","8494","0","0","292","0","0","1596","0","0","3504","0","0","14506","0","0","762","0","0","1018","0","0","0","0"
"10","88691956",".","TAGA","T","G","","","c.*8483_*8485delAAG","3' UTR","","1","30254","0","3.31e-5","0","8508","0","0","290","0","0","1596","0","0","3516","0","1","14562","0","0","762","0","0","1020","0","0","0","0"
"10","88691984","rs188059467","T","G","G","","","c.*8508T>G","3' UTR","","16","30262","0","5.29e-4","4","8510","0","0","292","0","0","1596","0","1","3518","0","10","14564","0","0","762","0","1","1020","0","0","0","0"
"10","88691990",".","C","G","G","","","c.*8514C>G","3' UTR","","1","30252","0","3.31e-5","0","8504","0","0","292","0","1","1596","0","0","3514","0","0","14564","0","0","762","0","0","1020","0","0","0","0"
"10","88691998",".","C","G","G","","","c.*8522C>G","3' UTR","","2","30264","0","6.61e-5","2","8506","0","0","292","0","0","1596","0","0","3518","0","0","14570","0","0","762","0","0","1020","0","0","0","0"
"10","88692001","rs144680027","C","T","G","","","c.*8525C>T","3' UTR","","6","30258","0","1.98e-4","0","8508","0","0","292","0","6","1596","0","0","3516","0","0","14566","0","0","762","0","0","1018","0","0","0","0"
"10","88692003","rs550667655","G","A","G","","","c.*8527G>A","3' UTR","","9","30256","0","2.97e-4","9","8502","0","0","292","0","0","1596","0","0","3516","0","0","14568","0","0","762","0","0","1020","0","0","0","0"
"10","88692023",".","C","T","G","","","c.*8547C>T","3' UTR","","1","30260","0","3.3e-5","0","8508","0","0","292","0","0","1596","0","0","3518","0","1","14564","0","0","762","0","0","1020","0","0","0","0"
"10","88692029",".","T","C","G","","","c.*8553T>C","3' UTR","","1","30268","0","3.3e-5","0","8512","0","0","292","0","1","1596","0","0","3518","0","0","14568","0","0","762","0","0","1020","0","0","0","0"
"10","88692046",".","C","G","G","","","c.*8570C>G","3' UTR","","1","30254","0","3.31e-5","0","8508","0","0","292","0","0","1592","0","0","3516","0","1","14564","0","0","762","0","0","1020","0","0","0","0"
"10","88692050",".","A","G","G","","","c.*8574A>G","3' UTR","","3","30258","0","9.91e-5","1","8510","0","0","292","0","0","1594","0","0","3518","0","2","14562","0","0","762","0","0","1020","0","0","0","0"
"10","88692060","rs774884068","T","C","G","","","c.*8584T>C","3' UTR","","1","30258","0","3.3e-5","0","8510","0","0","292","0","0","1596","0","0","3518","0","0","14560","0","1","762","0","0","1020","0","0","0","0"
"10","88692066",".","C","G","G","","","c.*8590C>G","3' UTR","","1","30256","0","3.31e-5","0","8504","0","0","292","0","1","1596","0","0","3518","0","0","14564","0","0","762","0","0","1020","0","0","0","0"
"10","88692070","rs577925502","A","G","G","","","c.*8594A>G","3' UTR","","12","30266","0","3.96e-4","1","8510","0","0","292","0","0","1596","0","1","3518","0","8","14568","0","0","762","0","2","1020","0","0","0","0"
"10","88692094",".","C","CT","G","","","c.*8619dupT","3' UTR","","1","30266","0","3.3e-5","1","8512","0","0","292","0","0","1594","0","0","3518","0","0","14568","0","0","762","0","0","1020","0","0","0","0"
"10","88692095","rs148520144","T","A","G","","","c.*8619T>A","3' UTR","","70","30258","0","2.31e-3","69","8508","0","0","292","0","0","1594","0","0","3518","0","0","14564","0","0","762","0","1","1020","0","0","0","0"
"10","88692101",".","C","A","G","","","c.*8625C>A","3' UTR","","1","30262","0","3.3e-5","0","8508","0","0","292","0","0","1594","0","0","3518","0","1","14568","0","0","762","0","0","1020","0","0","0","0"
"10","88692101",".","C","T","G","","","c.*8625C>T","3' UTR","","1","30262","0","3.3e-5","0","8508","0","0","292","0","0","1594","0","0","3518","0","1","14568","0","0","762","0","0","1020","0","0","0","0"
"10","88692145",".","TTTTG","T","G","","","c.*8678_*8681delTTTG","3' UTR","","1","30256","0","3.31e-5","0","8510","0","0","292","0","1","1594","0","0","3518","0","0","14560","0","0","762","0","0","1020","0","0","0","0"
"10","88692182",".","A","C","G","","","c.*8706A>C","3' UTR","","3","30258","0","9.91e-5","3","8506","0","0","292","0","0","1596","0","0","3518","0","0","14564","0","0","762","0","0","1020","0","0","0","0"
"10","88692195",".","G","A","G","","","c.*8719G>A","3' UTR","","1","30252","0","3.31e-5","1","8506","0","0","292","0","0","1596","0","0","3518","0","0","14558","0","0","762","0","0","1020","0","0","0","0"
"10","88692219","rs186113412","A","G","G","","","c.*8743A>G","3' UTR","","9","30208","0","2.98e-4","2","8490","0","0","292","0","0","1592","0","0","3514","0","7","14540","0","0","762","0","0","1018","0","0","0","0"
"10","88692221",".","C","T","G","","","c.*8745C>T","3' UTR","","1","30248","0","3.31e-5","0","8504","0","0","292","0","0","1594","0","0","3518","0","1","14560","0","0","762","0","0","1018","0","0","0","0"
"10","88692226",".","A","G","G","","","c.*8750A>G","3' UTR","","1","30202","0","3.31e-5","0","8494","0","0","292","0","0","1592","0","0","3514","0","1","14532","0","0","762","0","0","1016","0","0","0","0"
"10","88692241",".","C","T","G","","","c.*8765C>T","3' UTR","","1","30246","0","3.31e-5","0","8506","0","0","292","0","0","1596","0","0","3516","0","1","14554","0","0","762","0","0","1020","0","0","0","0"
"10","88692253",".","C","T","G","","","c.*8777C>T","3' UTR","","1","30254","0","3.31e-5","1","8512","0","0","292","0","0","1594","0","0","3514","0","0","14560","0","0","762","0","0","1020","0","0","0","0"
"10","88692269","rs557017316","G","T","G","","","c.*8793G>T","3' UTR","","13","30258","0","4.3e-4","4","8506","0","0","292","0","0","1594","0","0","3518","0","9","14566","0","0","762","0","0","1020","0","0","0","0"
"10","88692286",".","G","A","G","","","c.*8810G>A","3' UTR","","1","30254","0","3.31e-5","0","8506","0","0","292","0","0","1594","0","0","3518","0","1","14562","0","0","762","0","0","1020","0","0","0","0"
"10","88692288",".","G","A","G","","","c.*8812G>A","3' UTR","","1","30252","0","3.31e-5","1","8504","0","0","292","0","0","1594","0","0","3518","0","0","14562","0","0","762","0","0","1020","0","0","0","0"
"10","88692344",".","A","G","G","","","c.*8868A>G","3' UTR","","1","30212","0","3.31e-5","1","8498","0","0","292","0","0","1592","0","0","3512","0","0","14542","0","0","762","0","0","1014","0","0","0","0"
"10","88692350",".","T","C","G","","","c.*8874T>C","3' UTR","","3","30260","0","9.91e-5","0","8512","0","0","292","0","3","1594","0","0","3514","0","0","14566","0","0","762","0","0","1020","0","0","0","0"
"10","88692359","rs112361947","G","A","G","","","c.*8883G>A","3' UTR","","14","30258","0","4.63e-4","10","8506","0","0","292","0","0","1594","0","0","3518","0","4","14566","0","0","762","0","0","1020","0","0","0","0"
"10","88692364",".","CT","C","G","","","c.*8889delT","3' UTR","","1","30260","0","3.3e-5","1","8508","0","0","292","0","0","1594","0","0","3518","0","0","14568","0","0","762","0","0","1018","0","0","0","0"
"10","88692405",".","TGGGGAGCTTTCTTGATGGAGGG","T","G","","","c.*8931_*8952delGGGAGCTTTCTTGATGGAGGGG","3' UTR","","1","30234","0","3.31e-5","0","8506","0","0","292","0","0","1592","0","0","3516","0","1","14552","0","0","762","0","0","1014","0","0","0","0"
"10","88692417","rs780377976","T","C","G","","","c.*8941T>C","3' UTR","","1","30250","0","3.31e-5","1","8508","0","0","292","0","0","1596","0","0","3518","0","0","14554","0","0","762","0","0","1020","0","0","0","0"
"10","88692417","rs780377976","TTGA","T","G","","","c.*8944_*8946delATG","3' UTR","","14","30250","0","4.63e-4","1","8508","0","0","292","0","0","1596","0","0","3518","0","12","14554","0","1","762","0","0","1020","0","0","0","0"
"10","88692423","rs545064402","G","A","G","","","c.*8947G>A","3' UTR","","5","30266","0","1.65e-4","5","8512","0","0","292","0","0","1596","0","0","3518","0","0","14568","0","0","762","0","0","1018","0","0","0","0"
"10","88692428",".","G","A","G","","","c.*8952G>A","3' UTR","","2","30258","0","6.61e-5","0","8512","0","1","292","0","0","1596","0","0","3518","0","0","14560","0","1","762","0","0","1018","0","0","0","0"
"10","88692439",".","G","T","G","","","c.*8963G>T","3' UTR","","1","30268","0","3.3e-5","0","8514","0","0","292","0","0","1596","0","0","3518","0","0","14566","0","1","762","0","0","1020","0","0","0","0"
"10","88692445",".","G","T","G","","","c.*8969G>T","3' UTR","","1","30272","0","3.3e-5","0","8514","0","0","292","0","1","1596","0","0","3518","0","0","14570","0","0","762","0","0","1020","0","0","0","0"
"10","88692448",".","C","A","G","","","c.*8972C>A","3' UTR","","1","30260","0","3.3e-5","0","8512","0","0","292","0","0","1596","0","1","3516","0","0","14562","0","0","762","0","0","1020","0","0","0","0"
"10","88692460",".","G","C","G","","","c.*8984G>C","3' UTR","","1","30260","0","3.3e-5","0","8510","0","0","292","0","0","1594","0","1","3518","0","0","14566","0","0","762","0","0","1018","0","0","0","0"
"10","88692490",".","CAT","C","G","","","c.*9016_*9017delTA","3' UTR","","1","30244","0","3.31e-5","0","8502","0","0","292","0","0","1592","0","0","3516","0","1","14560","0","0","762","0","0","1020","0","0","0","0"
"10","88692491",".","A","G","G","","","c.*9015A>G","3' UTR","","1","30258","0","3.3e-5","0","8504","0","0","292","0","0","1594","0","0","3518","0","1","14568","0","0","762","0","0","1020","0","0","0","0"
"10","88692495",".","CAG","C","G","","","c.*9020_*9021delAG","3' UTR","","1","30252","0","3.31e-5","1","8504","0","0","292","0","0","1592","0","0","3518","0","0","14564","0","0","762","0","0","1020","0","0","0","0"
"10","88692501",".","G","T","G","","","c.*9025G>T","3' UTR","","3","30254","0","9.92e-5","3","8508","0","0","292","0","0","1592","0","0","3518","0","0","14564","0","0","762","0","0","1018","0","0","0","0"
"10","88692507",".","G","A","G","","","c.*9031G>A","3' UTR","","1","30258","0","3.3e-5","0","8506","0","0","292","0","0","1592","0","0","3518","0","0","14568","0","0","762","0","1","1020","0","0","0","0"
"10","88692514","rs145654893","AAAG","A","G","","","c.*9039_*9041delAAG","3' UTR","","77","30254","0","2.55e-3","75","8504","0","0","292","0","0","1596","0","0","3518","0","1","14562","0","0","762","0","1","1020","0","0","0","0"
"10","88692515",".","AAGG","A","G","","","c.*9040_*9042delAGG","3' UTR","","1","30264","0","3.3e-5","0","8510","0","0","292","0","0","1596","0","0","3518","0","0","14568","0","1","762","0","0","1018","0","0","0","0"
"10","88692529",".","G","A","G","","","c.*9053G>A","3' UTR","","9","30256","0","2.97e-4","0","8508","0","5","292","0","0","1594","0","0","3518","0","2","14562","0","0","762","0","2","1020","0","0","0","0"
"10","88692533",".","C","T","G","","","c.*9057C>T","3' UTR","","1","30250","0","3.31e-5","0","8506","0","0","292","0","0","1592","0","0","3514","0","1","14566","0","0","762","0","0","1018","0","0","0","0"
"10","88692540","rs142969997","C","G","G","","","c.*9064C>G","3' UTR","","1","30256","0","3.31e-5","0","8506","0","0","292","0","0","1594","0","0","3518","0","1","14564","0","0","762","0","0","1020","0","0","0","0"
"10","88692540","rs142969997","C","T","G","","","c.*9064C>T","3' UTR","","3","30256","0","9.92e-5","3","8506","0","0","292","0","0","1594","0","0","3518","0","0","14564","0","0","762","0","0","1020","0","0","0","0"
"10","88692552","rs189399197","C","T","G","","","c.*9076C>T","3' UTR","","9","30262","0","2.97e-4","9","8508","0","0","292","0","0","1596","0","0","3518","0","0","14568","0","0","762","0","0","1018","0","0","0","0"
"10","88692553","rs754139519","C","G","G","","","c.*9077C>G","3' UTR","","1","30254","0","3.31e-5","1","8502","0","0","292","0","0","1596","0","0","3518","0","0","14564","0","0","762","0","0","1020","0","0","0","0"
"10","88692553","rs754139519","C","T","G","","","c.*9077C>T","3' UTR","","5","30254","0","1.65e-4","0","8502","0","0","292","0","0","1596","0","0","3518","0","5","14564","0","0","762","0","0","1020","0","0","0","0"
"10","88692562",".","C","G","G","","","c.*9086C>G","3' UTR","","1","30272","0","3.3e-5","0","8514","0","0","292","0","0","1596","0","0","3518","0","1","14570","0","0","762","0","0","1020","0","0","0","0"
"10","88692565",".","C","T","G","","","c.*9089C>T","3' UTR","","1","30270","0","3.3e-5","0","8512","0","0","292","0","0","1596","0","0","3518","0","0","14570","0","1","762","0","0","1020","0","0","0","0"
"10","88692590",".","G","A","G","","","c.*9114G>A","3' UTR","","1","30254","0","3.31e-5","1","8502","0","0","292","0","0","1596","0","0","3518","0","0","14566","0","0","762","0","0","1018","0","0","0","0"